604
1020 0
1030 0
1040 0
1050 0
1060 0
1070 0
1080 0
1090 0
1100 0.452856
1820 0
1830 0
1840 0
1850 0
1860 0
1870 0
1880 0.113067
1890 0
1900 0
2620 0
2630 0
2640 0
2650 0
2660 0.0533002
2670 0
2680 0
2690 0
2700 0
3420 0
3430 0
3440 0.0367806
3450 0
3460 0
3470 0
3480 0
3490 0
3500 0
4220 0.0402911
4230 0
4240 0
4250 0
4260 0
4270 0
4280 0
4290 0
4300 0
5020 0
5030 0
5040 0
5050 0
5060 0
5070 0
5080 0
5090 0
5100 0
10920 0
10930 0
10940 0
10950 0
10960 0
10970 0
10980 -0.0258544
10990 0.467707
11000 0.286411
11720 0
11730 0
11740 0
11750 0
11760 -0.0223495
11770 0.202711
11780 0.0845225
11790 0
11800 0
12520 0
12530 0
12540 -0.0268608
12550 0.123091
12560 0.0497664
12570 0
12580 0
12590 0
12600 0
13320 -0.058849
13330 0.0973124
13340 0.0474836
13350 0
13360 0
13370 0
13380 0
13390 0
13400 0
14120 0.091878
14130 0
14140 0
14150 0
14160 0
14170 0
14180 0
14190 0
14200 0
20820 0
20830 0
20840 0
20850 0
20860 0.0112212
20870 -0.0493464
20880 0.37081
20890 0.330719
20900 -0.202523
21620 0
21630 0
21640 0.0210414
21650 -0.0561103
21660 0.219477
21670 0.176202
21680 -0.0480969
21690 0
21700 0
22420 0.06742
22430 -0.0805823
22440 0.14374
22450 0.14374
22460 -0.0183774
22470 0
22480 0
22490 0
22500 0
23220 3.81853e-17
23230 0.187545
23240 3.18211e-17
23250 0
23260 0
23270 0
23280 0
23290 0
23300 0
24020 0.124403
24030 0
24040 0
24050 0
24060 0
24070 0
24080 0
24090 0
24100 0
30720 0
30730 0
30740 -0.00840455
30750 0.0302614
30760 -0.0595918
30770 0.245845
30780 0.33983
30790 -0.176777
30800 -0.330719
31520 -0.0497365
31530 0.0697863
31540 -0.0718022
31550 0.154842
31560 0.266012
31570 -0.0598528
31580 -0.109597
31590 0
31600 0
32320 0.0335491
32330 -6.59917e-17
32340 0.277022
32350 -2.47469e-17
32360 -0.0765114
32370 0
32380 0
32390 0
32400 0
33120 0.118952
33130 0.196699
33140 -0.0959793
33150 0
33160 0
33170 0
33180 0
33190 0
33200 0
40620 0.0238095
40630 -0.030303
40640 0.047619
40650 -0.0367965
40660 0.113095
40670 0.314935
40680 -0.107143
40690 -0.375
40700 0.0625
41420 -7.07054e-17
41430 0.0523523
41440 1.41411e-17
41450 0.307329
41460 -1.76764e-18
41470 -0.225398
41480 1.10477e-18
41490 0
41500 0
42220 0.101575
42230 0.121405
42240 0.216558
42250 -0.216558
42260 -0.0276874
42270 0
42280 0
42290 0
42300 0
43020 0
43030 0
43040 -0.166241
43050 0
43060 0
43070 0
43080 0
43090 0
43100 0
50520 0.0058615
50530 2.87419e-16
50540 0.045403
50550 1.87928e-16
50560 0.232944
50570 -3.86911e-17
50580 -0.382235
50590 -3.03685e-16
50600 0.342327
51320 0.0597758
51330 0.0838727
51340 0.0862955
51350 0.186097
51360 -0.319707
51370 -0.0719341
51380 0.131719
51390 0
51400 0
52120 0
52130 0
52140 -0.0634018
52150 -0.290544
52160 0.117468
52170 0
52180 0
52190 0
52200 0
60420 0.0238095
60430 0.030303
60440 0.047619
60450 0.0367965
60460 0.113095
60470 -0.314935
60480 -0.107143
60490 0.375
60500 0.0625
61220 0
61230 0
61240 -0.0308014
61250 -0.0821371
61260 -0.321281
61270 0.257933
61280 0.0704067
61290 0
61300 0
62020 0
62030 0
62040 0
62050 0
62060 0.219762
62070 0
62080 0
62090 0
62100 0
70320 0
70330 0
70340 -0.00840455
70350 -0.0302614
70360 -0.0595918
70370 -0.245845
70380 0.33983
70390 0.176777
70400 -0.330719
71120 0
71130 0
71140 0
71150 0
71160 0.0412105
71170 0.37378
71180 -0.155852
71190 0
71200 0
80220 0
80230 0
80240 0
80250 0
80260 0.0112212
80270 0.0493464
80280 0.37081
80290 -0.330719
80300 -0.202523
81020 0
81030 0
81040 0
81050 0
81060 0
81070 0
81080 -0.284545
81090 0
81100 0
90120 0
90130 0
90140 0
90150 0
90160 0
90170 0
90180 -0.0258544
90190 -0.467707
90200 0.286411
100020 0
100030 0
100040 0
100050 0
100060 0
100070 0
100080 0
100090 0
100100 0.452856
100820 0
100830 0
100840 0
100850 0
100860 0
100870 0
100880 -0.284545
100890 0
100900 0
101620 0
101630 0
101640 0
101650 0
101660 -0.179435
101670 0
101680 0
101690 0
101700 0
102420 0
102430 0
102440 -0.142451
102450 0
102460 0
102470 0
102480 0
102490 0
102500 0
103220 -0.167745
103230 0
103240 0
103250 0
103260 0
103270 0
103280 0
103290 0
103300 0
104020 0
104030 0
104040 0
104050 0
104060 0
104070 0
104080 0
104090 0
104100 0
110720 0
110730 0
110740 0
110750 0
110760 0.0412105
110770 -0.37378
110780 -0.155852
110790 0
110800 0
111520 0
111530 0
111540 0.0657952
111550 -0.301511
111560 -0.121902
111570 0
111580 0
111590 0
111600 0
112320 0.164356
112330 -0.271779
112340 -0.132614
112350 0
112360 0
112370 0
112380 0
112390 0
112400 0
113120 -0.272554
113130 0
113140 0
113150 0
113160 0
113170 0
113180 0
113190 0
113200 0
120620 0
120630 0
120640 -0.0308014
120650 0.0821371
120660 -0.321281
120670 -0.257933
120680 0.0704067
120690 0
120700 0
121420 -0.129935
121430 0.155302
121440 -0.277022
121450 -0.277022
121460 0.0354179
121470 0
121480 0
121490 0
121500 0
122220 -8.29094e-17
122230 -0.407206
122240 -6.90912e-17
122250 0
122260 0
122270 0
122280 0
122290 0
122300 0
123020 -0.28212
123030 0
123040 0
123050 0
123060 0
123070 0
123080 0
123090 0
123100 0
130520 0.0597758
130530 -0.0838727
130540 0.0862955
130550 -0.186097
130560 -0.319707
130570 0.0719341
130580 0.131719
130590 0
130600 0
131320 -0.0524531
131330 1.03176e-16
131340 -0.433117
131350 3.86911e-17
131360 0.119623
131370 0
131380 0
131390 0
131400 0
132120 -0.206032
132130 -0.340693
132140 0.166241
132150 0
132160 0
132170 0
132180 0
132190 0
132200 0
140420 7.07054e-17
140430 -0.0523523
140440 -1.41411e-17
140450 -0.307329
140460 1.76764e-18
140470 0.225398
140480 -1.10477e-18
140490 0
140500 0
141220 -0.129935
141230 -0.155302
141240 -0.277022
141250 0.277022
141260 0.0354179
141270 0
141280 0
141290 0
141300 0
142020 0
142030 0
142040 0.229695
142050 0
142060 0
142070 0
142080 0
142090 0
142100 0
150320 -0.0497365
150330 -0.0697863
150340 -0.0718022
150350 -0.154842
150360 0.266012
150370 0.0598528
150380 -0.109597
150390 0
150400 0
151120 0
151130 0
151140 0.0657952
151150 0.301511
151160 -0.121902
151170 0
151180 0
151190 0
151200 0
160220 0
160230 0
160240 0.0210414
160250 0.0561103
160260 0.219477
160270 -0.176202
160280 -0.0480969
160290 0
160300 0
161020 0
161030 0
161040 0
161050 0
161060 -0.179435
161070 0
161080 0
161090 0
161100 0
170120 0
170130 0
170140 0
170150 0
170160 -0.0223495
170170 -0.202711
170180 0.0845225
170190 0
170200 0
180020 0
180030 0
180040 0
180050 0
180060 0
180070 0
180080 0.113067
180090 0
180100 0
200620 0
200630 0
200640 0
200650 0
200660 0.219762
200670 0
200680 0
200690 0
200700 0
201420 0
201430 0
201440 0.229695
201450 0
201460 0
201470 0
201480 0
201490 0
201500 0
202220 0.304725
202230 0
202240 0
202250 0
202260 0
202270 0
202280 0
202290 0
202300 0
203020 0
203030 0
203040 0
203050 0
203060 0
203070 0
203080 0
203090 0
203100 0
210520 0
210530 0
210540 -0.0634018
210550 0.290544
210560 0.117468
210570 0
210580 0
210590 0
210600 0
211320 -0.206032
211330 0.340693
211340 0.166241
211350 0
211360 0
211370 0
211380 0
211390 0
211400 0
212120 0.378504
212130 0
212140 0
212150 0
212160 0
212170 0
212180 0
212190 0
212200 0
220420 0.101575
220430 -0.121405
220440 0.216558
220450 0.216558
220460 -0.0276874
220470 0
220480 0
220490 0
220500 0
221220 8.29094e-17
221230 0.407206
221240 6.90912e-17
221250 0
221260 0
221270 0
221280 0
221290 0
221300 0
222020 0.304725
222030 0
222040 0
222050 0
222060 0
222070 0
222080 0
222090 0
222100 0
230320 0.0335491
230330 -6.59917e-17
230340 0.277022
230350 -2.47469e-17
230360 -0.0765114
230370 0
230380 0
230390 0
230400 0
231120 0.164356
231130 0.271779
231140 -0.132614
231150 0
231160 0
231170 0
231180 0
231190 0
231200 0
240220 0.06742
240230 0.0805823
240240 0.14374
240250 -0.14374
240260 -0.0183774
240270 0
240280 0
240290 0
240300 0
241020 0
241030 0
241040 -0.142451
241050 0
241060 0
241070 0
241080 0
241090 0
241100 0
250120 0
250130 0
250140 -0.0268608
250150 -0.123091
250160 0.0497664
250170 0
250180 0
250190 0
250200 0
260020 0
260030 0
260040 0
260050 0
260060 0.0533002
260070 0
260080 0
260090 0
260100 0
300420 0
300430 0
300440 -0.166241
300450 0
300460 0
300470 0
300480 0
300490 0
300500 0
301220 -0.28212
301230 0
301240 0
301250 0
301260 0
301270 0
301280 0
301290 0
301300 0
302020 0
302030 0
302040 0
302050 0
302060 0
302070 0
302080 0
302090 0
302100 0
310320 0.118952
310330 -0.196699
310340 -0.0959793
310350 0
310360 0
310370 0
310380 0
310390 0
310400 0
311120 -0.272554
311130 0
311140 0
311150 0
311160 0
311170 0
311180 0
311190 0
311200 0
320220 -3.81853e-17
320230 -0.187545
320240 -3.18211e-17
320250 0
320260 0
320270 0
320280 0
320290 0
320300 0
321020 -0.167745
321030 0
321040 0
321050 0
321060 0
321070 0
321080 0
321090 0
321100 0
330120 -0.058849
330130 -0.0973124
330140 0.0474836
330150 0
330160 0
330170 0
330180 0
330190 0
330200 0
340020 0
340030 0
340040 0.0367806
340050 0
340060 0
340070 0
340080 0
340090 0
340100 0
400220 0.124403
400230 0
400240 0
400250 0
400260 0
400270 0
400280 0
400290 0
400300 0
401020 0
401030 0
401040 0
401050 0
401060 0
401070 0
401080 0
401090 0
401100 0
410120 0.091878
410130 0
410140 0
410150 0
410160 0
410170 0
410180 0
410190 0
410200 0
420020 0.0402911
420030 0
420040 0
420050 0
420060 0
420070 0
420080 0
420090 0
420100 0
500020 0
500030 0
500040 0
500050 0
500060 0
500070 0
500080 0
500090 0
500100 0
