2444
2000 0
2010 0
2020 0
2030 0
2040 0
2050 0
2060 0
2070 0
2080 0
2800 0
2810 0
2820 0
2830 0
2840 0
2850 0
2860 0
2870 0
2880 0
3600 0
3610 0
3620 0
3630 0
3640 0
3650 0
3660 0
3670 0
3680 0
4400 0
4410 0
4420 0
4430 0
4440 0
4450 0
4460 0
4470 0
4480 0
5200 0
5210 0
5220 0
5230 0
5240 0
5250 0
5260 0
5270 0
5280 0
6000 0
6010 0
6020 0
6030 0
6040 0
6050 0
6060 0
6070 0
6080 0
6800 0
6810 0
6820 0
6830 0
6840 0
6850 0
6860 0
6870 0
6880 0.185733
7600 0
7610 0
7620 0
7630 0
7640 0
7650 0
7660 0.107497
7670 0
7680 0
8400 0
8410 0
8420 0
8430 0
8440 0.089016
8450 0
8460 0
8470 0
8480 0
9200 0
9210 0
9220 0.0956893
9230 0
9240 0
9250 0
9260 0
9270 0
9280 0
10000 0.175083
10010 0
10020 0
10030 0
10040 0
10050 0
10060 0
10070 0
10080 0
101800 0
101810 0
101820 0
101830 0
101840 0
101850 0
101860 0
101870 0
101880 0
102600 0
102610 0
102620 0
102630 0
102640 0
102650 0
102660 0
102670 0
102680 0
103400 0
103410 0
103420 0
103430 0
103440 0
103450 0
103460 0
103470 0
103480 0
104200 0
104210 0
104220 0
104230 0
104240 0
104250 0
104260 0
104270 0
104280 0
105000 0
105010 0
105020 0
105030 0
105040 0
105050 0
105060 0
105070 0
105080 0
105800 0
105810 0
105820 0
105830 0
105840 0
105850 0
105860 0
105870 0
105880 0.113811
106600 0
106610 0
106620 0
106630 0
106640 0
106650 0
106660 -0.00451445
106670 0
106680 0
107400 0
107410 0
107420 0
107430 0
107440 -0.0436087
107450 0
107460 0
107470 0
107480 0
108200 0
108210 0
108220 -0.0729577
108230 0
108240 0
108250 0
108260 0
108270 0
108280 0
109000 -0.153461
109010 0
109020 0
109030 0
109040 0
109050 0
109060 0
109070 0
109080 0
201600 0
201610 0
201620 0
201630 0
201640 0
201650 0
201660 0
201670 0
201680 0
202400 0
202410 0
202420 0
202430 0
202440 0
202450 0
202460 0
202470 0
202480 0
203200 0
203210 0
203220 0
203230 0
203240 0
203250 0
203260 0
203270 0
203280 0
204000 0
204010 0
204020 0
204030 0
204040 0
204050 0
204060 0
204070 0
204080 0
204800 0
204810 0
204820 0
204830 0
204840 0
204850 0
204860 0
204870 0
204880 0.0570831
205600 0
205610 0
205620 0
205630 0
205640 0
205650 0
205660 -0.0608457
205670 0
205680 0
206400 0
206410 0
206420 0
206430 0
206440 -0.0731797
206450 0
206460 0
206470 0
206480 0
207200 0
207210 0
207220 -0.0809425
207230 0
207240 0
207250 0
207260 0
207270 0
207280 0
208000 -0.144732
208010 0
208020 0
208030 0
208040 0
208050 0
208060 0
208070 0
208080 0
301400 0
301410 0
301420 0
301430 0
301440 0
301450 0
301460 0
301470 0
301480 0
302200 0
302210 0
302220 0
302230 0
302240 0
302250 0
302260 0
302270 0
302280 0
303000 0
303010 0
303020 0
303030 0
303040 0
303050 0
303060 0
303070 0
303080 0
303800 0
303810 0
303820 0
303830 0
303840 0
303850 0
303860 0
303870 0
303880 0.0930475
304600 0
304610 0
304620 0
304630 0
304640 0
304650 0
304660 -0.0373293
304670 0
304680 0
305400 0
305410 0
305420 0
305430 0
305440 -0.0155082
305450 0
305460 0
305470 0
305480 0
306200 0
306210 0
306220 0.0102957
306230 0
306240 0
306250 0
306260 0
306270 0
306280 0
307000 0.0437861
307010 0
307020 0
307030 0
307040 0
307050 0
307060 0
307070 0
307080 0
401200 0
401210 0
401220 0
401230 0
401240 0
401250 0
401260 0
401270 0
401280 0
402000 0
402010 0
402020 0
402030 0
402040 0
402050 0
402060 0
402070 0
402080 0
402800 0
402810 0
402820 0
402830 0
402840 0
402850 0
402860 0
402870 0
402880 0.0155469
403600 0
403610 0
403620 0
403630 0
403640 0
403650 0
403660 -0.091276
403670 0
403680 0
404400 0
404410 0
404420 0
404430 0
404440 -0.0345174
404450 0
404460 0
404470 0
404480 0
405200 0
405210 0
405220 -0.00580059
405230 0
405240 0
405250 0
405260 0
405270 0
405280 0
406000 0.00942593
406010 0
406020 0
406030 0
406040 0
406050 0
406060 0
406070 0
406080 0
501000 0
501010 0
501020 0
501030 0
501040 0
501050 0
501060 0
501070 0
501080 0
501800 0
501810 0
501820 0
501830 0
501840 0
501850 0
501860 0
501870 0
501880 0.0727533
502600 0
502610 0
502620 0
502630 0
502640 0
502650 0
502660 -0.0340805
502670 0
502680 0
503400 0
503410 0
503420 0
503430 0
503440 0.0546141
503450 0
503460 0
503470 0
503480 0
504200 0
504210 0
504220 0.0903987
504230 0
504240 0
504250 0
504260 0
504270 0
504280 0
505000 0.17586
505010 0
505020 0
505030 0
505040 0
505050 0
505060 0
505070 0
505080 0
600800 0
600810 0
600820 0
600830 0
600840 0
600850 0
600860 0
600870 0
600880 -0.00340662
601600 0
601610 0
601620 0
601630 0
601640 0
601650 0
601660 -0.0784115
601670 0
601680 0
602400 0
602410 0
602420 0
602430 0
602440 0.027126
602450 0
602460 0
602470 0
602480 0
603200 0
603210 0
603220 0.0200742
603230 0
603240 0
603250 0
603260 0
603270 0
603280 0
604000 0.00942593
604010 0
604020 0
604030 0
604040 0
604050 0
604060 0
604070 0
604080 0
700600 0
700610 0
700620 0
700630 0
700640 0
700650 0
700660 -0.0247425
700670 0
700680 0
701400 0
701410 0
701420 0
701430 0
701440 0.0916289
701450 0
701460 0
701470 0
701480 0
702200 0
702210 0
702220 0.0482307
702230 0
702240 0
702250 0
702260 0
702270 0
702280 0
703000 0.0437861
703010 0
703020 0
703030 0
703040 0
703050 0
703060 0
703070 0
703080 0
800400 0
800410 0
800420 0
800430 0
800440 0.0659744
800450 0
800460 0
800470 0
800480 0
801200 0
801210 0
801220 -0.0539068
801230 0
801240 0
801250 0
801260 0
801270 0
801280 0
802000 -0.144732
802010 0
802020 0
802030 0
802040 0
802050 0
802060 0
802070 0
802080 0
900200 0
900210 0
900220 -0.12029
900230 0
900240 0
900250 0
900260 0
900270 0
900280 0
901000 -0.153461
901010 0
901020 0
901030 0
901040 0
901050 0
901060 0
901070 0
901080 0
1000000 0.175083
1000010 0
1000020 0
1000030 0
1000040 0
1000050 0
1000060 0
1000070 0
1000080 0
