504
910 0
920 0
930 0
940 0
950 0
960 0
970 0
980 0
990 0.496078
1710 0
1720 0
1730 0
1740 0
1750 0
1760 0
1770 0.131762
1780 0
1790 0
2510 0
2520 0
2530 0
2540 0
2550 0.0668153
2560 0
2570 0
2580 0
2590 0
3310 0
3320 0
3330 0.0505076
3340 0
3350 0
3360 0
3370 0
3380 0
3390 0
4110 0.0629941
4120 0
4130 0
4140 0
4150 0
4160 0
4170 0
4180 0
4190 0
10810 0
10820 0
10830 0
10840 0
10850 0
10860 0
10870 -0.0170103
10880 0.522913
10890 0.165359
11610 0
11620 0
11630 0
11640 0
11650 -0.0164488
11660 0.243975
11670 0.0530174
11680 0
11690 0
12410 0
12420 0
12430 -0.0233805
12440 0.163663
12450 0.0348932
12460 0
12470 0
12480 0
12490 0
13210 -0.0727393
13220 0.154303
13230 0.0397392
13240 0
13250 0
13260 0
13270 0
13280 0
13290 0
14010 0.120624
14020 0
14030 0
14040 0
14050 0
14060 0
14070 0
14080 0
14090 0
20710 0
20720 0
20730 0
20740 0
20750 0.0120701
20760 -0.0338332
20770 0.434614
20780 0.197642
20790 -0.330719
21510 0
21520 0
21530 0.0246452
21540 -0.0445435
21550 0.287483
21560 0.117202
21570 -0.09864
21580 0
21590 0
22310 0.09759
22320 -0.0845154
22330 0.232737
22340 0.113564
22350 -0.059307
22360 0
22370 0
22380 0
22390 0
23110 0.10789
23120 0.228869
23130 -0.0589427
23140 0
23150 0
23160 0
23170 0
23180 0
23190 0
30610 0
30620 0
30630 -0.00743081
30640 0.0355335
30650 -0.0435194
30660 0.318529
30670 0.215174
30680 -0.342327
30690 -0.216506
31410 -0.0638877
31420 0.101015
31430 -0.0649675
31440 0.253739
31450 0.197503
31460 -0.180187
31470 -0.0830623
31480 0
31490 0
32210 0.122336
32220 0.105946
32230 0.291752
32240 -0.14236
32250 -0.0743452
32260 0
32270 0
32280 0
32290 0
33010 0
33020 0
33030 -0.176828
33040 0
33050 0
33060 0
33070 0
33080 0
33090 0
40510 0.0336718
40520 -0.0336718
40530 0.0697486
40540 -0.0280598
40550 0.185195
40560 0.218866
40570 -0.307255
40580 -0.265165
40590 0.265165
41310 0.0706305
41320 0.111677
41330 0.0718243
41340 0.280519
41350 -0.218348
41360 -0.199205
41370 0.0918289
41380 0
41390 0
42110 0
42120 0
42130 -0.0472593
42140 -0.330815
42150 0.0705301
42160 0
42170 0
42180 0
42190 0
50410 0.0336718
50420 0.0336718
50430 0.0697486
50440 0.0280598
50450 0.185195
50460 -0.218866
50470 -0.307255
50480 0.265165
50490 0.265165
51210 0
51220 0
51230 -0.0335857
51240 -0.0607026
51250 -0.391773
51260 0.159719
51270 0.134424
51280 0
51290 0
52010 0
52020 0
52030 0
52040 0
52050 0.240906
52060 0
52070 0
52080 0
52090 0
60310 0
60320 0
60330 -0.00743081
60340 -0.0355335
60350 -0.0435194
60360 -0.318529
60370 0.215174
60380 0.342327
60390 -0.216506
61110 0
61120 0
61130 0
61140 0
61150 0.0284901
61160 0.422577
61170 -0.0918289
61180 0
61190 0
70210 0
70220 0
70230 0
70240 0
70250 0.0120701
70260 0.0338332
70270 0.434614
70280 -0.197642
70290 -0.330719
71010 0
71020 0
71030 0
71040 0
71050 0
71060 0
71070 -0.313655
71080 0
71090 0
80110 0
80120 0
80130 0
80140 0
80150 0
80160 0
80170 -0.0170103
80180 -0.522913
80190 0.165359
90010 0
90020 0
90030 0
90040 0
90050 0
90060 0
90070 0
90080 0
90090 0.496078
100710 0
100720 0
100730 0
100740 0
100750 0
100760 0
100770 -0.313655
100780 0
100790 0
101510 0
101520 0
101530 0
101540 0
101550 -0.211289
101560 0
101570 0
101580 0
101590 0
102310 0
102320 0
102330 -0.182108
102340 0
102350 0
102360 0
102370 0
102380 0
102390 0
103110 -0.241249
103120 0
103130 0
103140 0
103150 0
103160 0
103170 0
103180 0
103190 0
110610 0
110620 0
110630 0
110640 0
110650 0.0284901
110660 -0.422577
110670 -0.0918289
110680 0
110690 0
111410 0
111420 0
111430 0.0533157
111440 -0.37321
111450 -0.0795686
111460 0
111470 0
111480 0
111490 0
112210 0.186871
112220 -0.396412
112230 -0.102092
112240 0
112250 0
112260 0
112270 0
112280 0
112290 0
113010 -0.323669
113020 0
113030 0
113040 0
113050 0
113060 0
113070 0
113080 0
113090 0
120510 0
120520 0
120530 -0.0335857
120540 0.0607026
120550 -0.391773
120560 -0.159719
120570 0.134424
120580 0
120590 0
121310 -0.173009
121320 0.14983
121330 -0.412599
121340 -0.201328
121350 0.10514
121360 0
121370 0
121380 0
121390 0
122110 -0.211891
122120 -0.44949
122130 0.115761
122140 0
122150 0
122160 0
122170 0
122180 0
122190 0
130410 0.0706305
130420 -0.111677
130430 0.0718243
130440 -0.280519
130450 -0.218348
130460 0.199205
130470 0.0918289
130480 0
130490 0
131210 -0.173009
131220 -0.14983
131230 -0.412599
131240 0.201328
131250 0.10514
131260 0
131270 0
131280 0
131290 0
132010 0
132020 0
132030 0.27011
132040 0
132050 0
132060 0
132070 0
132080 0
132090 0
140310 -0.0638877
140320 -0.101015
140330 -0.0649675
140340 -0.253739
140350 0.197503
140360 0.180187
140370 -0.0830623
140380 0
140390 0
141110 0
141120 0
141130 0.0533157
141140 0.37321
141150 -0.0795686
141160 0
141170 0
141180 0
141190 0
150210 0
150220 0
150230 0.0246452
150240 0.0445435
150250 0.287483
150260 -0.117202
150270 -0.09864
150280 0
150290 0
151010 0
151020 0
151030 0
151040 0
151050 -0.211289
151060 0
151070 0
151080 0
151090 0
160110 0
160120 0
160130 0
160140 0
160150 -0.0164488
160160 -0.243975
160170 0.0530174
160180 0
160190 0
170010 0
170020 0
170030 0
170040 0
170050 0
170060 0
170070 0.131762
170080 0
170090 0
200510 0
200520 0
200530 0
200540 0
200550 0.240906
200560 0
200570 0
200580 0
200590 0
201310 0
201320 0
201330 0.27011
201340 0
201350 0
201360 0
201370 0
201380 0
201390 0
202110 0.396412
202120 0
202130 0
202140 0
202150 0
202160 0
202170 0
202180 0
202190 0
210410 0
210420 0
210430 -0.0472593
210440 0.330815
210450 0.0705301
210460 0
210470 0
210480 0
210490 0
211210 -0.211891
211220 0.44949
211230 0.115761
211240 0
211250 0
211260 0
211270 0
211280 0
211290 0
212010 0.396412
212020 0
212030 0
212040 0
212050 0
212060 0
212070 0
212080 0
212090 0
220310 0.122336
220320 -0.105946
220330 0.291752
220340 0.14236
220350 -0.0743452
220360 0
220370 0
220380 0
220390 0
221110 0.186871
221120 0.396412
221130 -0.102092
221140 0
221150 0
221160 0
221170 0
221180 0
221190 0
230210 0.09759
230220 0.0845154
230230 0.232737
230240 -0.113564
230250 -0.059307
230260 0
230270 0
230280 0
230290 0
231010 0
231020 0
231030 -0.182108
231040 0
231050 0
231060 0
231070 0
231080 0
231090 0
240110 0
240120 0
240130 -0.0233805
240140 -0.163663
240150 0.0348932
240160 0
240170 0
240180 0
240190 0
250010 0
250020 0
250030 0
250040 0
250050 0.0668153
250060 0
250070 0
250080 0
250090 0
300310 0
300320 0
300330 -0.176828
300340 0
300350 0
300360 0
300370 0
300380 0
300390 0
301110 -0.323669
301120 0
301130 0
301140 0
301150 0
301160 0
301170 0
301180 0
301190 0
310210 0.10789
310220 -0.228869
310230 -0.0589427
310240 0
310250 0
310260 0
310270 0
310280 0
310290 0
311010 -0.241249
311020 0
311030 0
311040 0
311050 0
311060 0
311070 0
311080 0
311090 0
320110 -0.0727393
320120 -0.154303
320130 0.0397392
320140 0
320150 0
320160 0
320170 0
320180 0
320190 0
330010 0
330020 0
330030 0.0505076
330040 0
330050 0
330060 0
330070 0
330080 0
330090 0
400110 0.120624
400120 0
400130 0
400140 0
400150 0
400160 0
400170 0
400180 0
400190 0
410010 0.0629941
410020 0
410030 0
410040 0
410050 0
410060 0
410070 0
410080 0
410090 0
