1305
1020 0
1030 0
1040 0
1050 0
1060 0
1070 0
1080 0
1820 0
1830 0
1840 0
1850 0
1860 0
1870 0
1880 0.339781
2620 0
2630 0
2640 0
2650 0
2660 0.131211
2670 0
2680 0
3420 0
3430 0
3440 0.0862582
3450 0
3460 0
3470 0
3480 0
4220 0.0927248
4230 0
4240 0
4250 0
4260 0
4270 0
4280 0
5020 0
5030 0
5040 0
5050 0
5060 0
5070 0
5080 0
10920 0
10930 0
10940 0
10950 0
10960 0
10970 0
10980 0.349632
11720 0
11730 0
11740 0
11750 0
11760 0.123792
11770 0.332682
11780 -0.120317
12520 0
12530 0
12540 0.0944911
12550 0.220479
12560 -0.0648593
12570 0
12580 0
13320 0.152362
13330 0.179561
13340 -0.0668153
13350 0
13360 0
13370 0
13380 0
14120 -0.146385
14130 0
14140 0
14150 0
14160 0
14170 0
14180 0
20820 0
20830 0
20840 0
20850 0
20860 0.04018
20870 0.364434
20880 -0.151955
21620 0
21630 0
21640 0.0603122
21650 0.226134
21660 0.189368
21670 -0.153093
21680 -0.22061
22420 0.166241
22430 0.223036
22440 0.158919
22450 -0.154479
22460 -0.0878199
22470 0
22480 0
23220 -0.0729555
23230 -0.239579
23240 -0.0495635
23250 0
23260 0
23270 0
23280 0
24020 0.110115
24030 0
24040 0
24050 0
24060 0
24070 0
24080 0
30720 0
30730 0
30740 0.0295656
30750 0.0788417
30760 0.308391
30770 -0.247584
30780 -0.0675819
31520 0.12877
31530 0.157385
31540 0.23971
31550 -0.0354392
31560 -0.190678
31570 -0.190678
31580 0.156009
32320 -0.0267261
32330 -0.193022
32340 -0.25987
32350 -0.101061
32360 0.0997155
32370 0
32380 0
33120 0.0236902
33130 0.139596
33140 0.135055
33150 0
33160 0
33170 0
33180 0
40620 0.0597758
40630 0.0838727
40640 0.0862955
40650 0.186097
40660 -0.319707
40670 -0.0719341
40680 0.131719
41420 -0.0432011
41430 -0.0222924
41440 -0.317473
41450 -0.165145
41460 -0.0486562
41470 0.195837
41480 0.16855
42220 -0.0886238
42230 0.129241
42240 0.166873
42250 0.232737
42260 0.0601407
42270 0
42280 0
43020 0
43030 0
43040 -0.0779739
43050 0
43060 0
43070 0
43080 0
50520 -6.67818e-17
50530 -0.0564305
50540 -7.56155e-17
50550 -0.331269
50560 8.16407e-17
50570 0.242956
50580 -1.33519e-17
51320 0.107143
51330 -0.117725
51340 0.207143
51350 0.242593
51360 0.1875
51370 0.104167
51380 -0.1875
52120 0
52130 0
52140 -0.104083
52150 -0.104083
52160 -0.153093
52170 0
52180 0
60420 -0.0597758
60430 0.0838727
60440 -0.0862955
60450 0.186097
60460 0.319707
60470 -0.0719341
60480 -0.131719
61220 0
61230 0
61240 0.0593938
61250 -0.242752
61260 -0.141511
61270 -0.224105
61280 -0.122495
62020 0
62030 0
62040 0
62050 0
62060 0.0318234
62070 0
62080 0
70320 0
70330 0
70340 -0.0295656
70350 0.0788417
70360 -0.308391
70370 -0.247584
70380 0.0675819
71120 0
71130 0
71140 0
71150 0
71160 0.174553
71170 0.0360844
71180 0.221853
80220 0
80230 0
80240 0
80250 0
80260 -0.04018
80270 0.364434
80280 0.151955
81020 0
81030 0
81040 0
81050 0
81060 0
81070 0
81080 0.0450051
90120 0
90130 0
90140 0
90150 0
90160 0
90170 0
90180 -0.349632
100020 0
100030 0
100040 0
100050 0
100060 0
100070 0
100080 0
100820 0
100830 0
100840 0
100850 0
100860 0
100870 0
100880 -0.0450051
101620 0
101630 0
101640 0
101650 0
101660 -0.20787
101670 0
101680 0
102420 0
102430 0
102440 -0.200446
102450 0
102460 0
102470 0
102480 0
103220 -0.252413
103230 0
103240 0
103250 0
103260 0
103270 0
103280 0
104020 0
104030 0
104040 0
104050 0
104060 0
104070 0
104080 0
110720 0
110730 0
110740 0
110750 0
110760 -0.174553
110770 0.0360844
110780 -0.221853
111520 0
111530 0
111540 -0.169734
111550 -0.216025
111560 -2.61682e-17
111570 0
111580 0
112320 -0.294594
112330 -0.270031
112340 0.0622017
112350 0
112360 0
112370 0
112380 0
113120 0.217124
113130 0
113140 0
113150 0
113160 0
113170 0
113180 0
120620 0
120630 0
120640 -0.0593938
120650 -0.242752
120660 0.141511
120670 -0.224105
120680 0.122495
121420 -0.216878
121430 -0.297585
121440 -0.0464054
121450 2.61682e-17
121460 0.123091
121470 0
121480 0
122220 0.158404
122230 0.173394
122240 0.107614
122250 0
122260 0
122270 0
122280 0
123020 -0.0249716
123030 0
123040 0
123050 0
123060 0
123070 0
123080 0
130520 -0.107143
130530 -0.117725
130540 -0.207143
130550 0.242593
130560 -0.1875
130570 0.104167
130580 0.1875
131320 -9.81308e-17
131330 0.301784
131340 0
131350 0.158005
131360 0
131370 0
131380 0
132120 -0.205163
132130 0.0483574
132140 -0.0779739
132150 0
132160 0
132170 0
132180 0
140420 0.0432011
140430 -0.0222924
140440 0.317473
140450 -0.165145
140460 0.0486562
140470 0.195837
140480 -0.16855
141220 0.216878
141230 -0.297585
141240 0.0464054
141250 5.23364e-17
141260 -0.123091
141270 0
141280 0
142020 0
142030 0
142040 -0.107736
142050 0
142060 0
142070 0
142080 0
150320 -0.12877
150330 0.157385
150340 -0.23971
150350 -0.0354392
150360 0.190678
150370 -0.190678
150380 -0.156009
151120 0
151130 0
151140 0.169734
151150 -0.216025
151160 6.54205e-17
151170 0
151180 0
160220 0
160230 0
160240 -0.0603122
160250 0.226134
160260 -0.189368
160270 -0.153093
160280 0.22061
161020 0
161030 0
161040 0
161050 0
161060 0.20787
161070 0
161080 0
170120 0
170130 0
170140 0
170150 0
170160 -0.123792
170170 0.332682
170180 0.120317
180020 0
180030 0
180040 0
180050 0
180060 0
180070 0
180080 -0.339781
200620 0
200630 0
200640 0
200650 0
200660 -0.0318234
200670 0
200680 0
201420 0
201430 0
201440 0.107736
201450 0
201460 0
201470 0
201480 0
202220 0.21578
202230 0
202240 0
202250 0
202260 0
202270 0
202280 0
203020 0
203030 0
203040 0
203050 0
203060 0
203070 0
203080 0
210520 0
210530 0
210540 0.104083
210550 -0.104083
210560 0.153093
210570 0
210580 0
211320 0.205163
211330 0.0483574
211340 0.0779739
211350 0
211360 0
211370 0
211380 0
212120 -2.61682e-17
212130 0
212140 0
212150 0
212160 0
212170 0
212180 0
220420 0.0886238
220430 0.129241
220440 -0.166873
220450 0.232737
220460 -0.0601407
220470 0
220480 0
221220 -0.158404
221230 0.173394
221240 -0.107614
221250 0
221260 0
221270 0
221280 0
222020 -0.21578
222030 0
222040 0
222050 0
222060 0
222070 0
222080 0
230320 0.0267261
230330 -0.193022
230340 0.25987
230350 -0.101061
230360 -0.0997155
230370 0
230380 0
231120 0.294594
231130 -0.270031
231140 -0.0622017
231150 0
231160 0
231170 0
231180 0
240220 -0.166241
240230 0.223036
240240 -0.158919
240250 -0.154479
240260 0.0878199
240270 0
240280 0
241020 0
241030 0
241040 0.200446
241050 0
241060 0
241070 0
241080 0
250120 0
250130 0
250140 -0.0944911
250150 0.220479
250160 0.0648593
250170 0
250180 0
260020 0
260030 0
260040 0
260050 0
260060 -0.131211
260070 0
260080 0
300420 0
300430 0
300440 0.0779739
300450 0
300460 0
300470 0
300480 0
301220 0.0249716
301230 0
301240 0
301250 0
301260 0
301270 0
301280 0
302020 0
302030 0
302040 0
302050 0
302060 0
302070 0
302080 0
310320 -0.0236902
310330 0.139596
310340 -0.135055
310350 0
310360 0
310370 0
310380 0
311120 -0.217124
311130 0
311140 0
311150 0
311160 0
311170 0
311180 0
320220 0.0729555
320230 -0.239579
320240 0.0495635
320250 0
320260 0
320270 0
320280 0
321020 0.252413
321030 0
321040 0
321050 0
321060 0
321070 0
321080 0
330120 -0.152362
330130 0.179561
330140 0.0668153
330150 0
330160 0
330170 0
330180 0
340020 0
340030 0
340040 -0.0862582
340050 0
340060 0
340070 0
340080 0
400220 -0.110115
400230 0
400240 0
400250 0
400260 0
400270 0
400280 0
401020 0
401030 0
401040 0
401050 0
401060 0
401070 0
401080 0
410120 0.146385
410130 0
410140 0
410150 0
410160 0
410170 0
410180 0
420020 -0.0927248
420030 0
420040 0
420050 0
420060 0
420070 0
420080 0
500020 0
500030 0
500040 0
500050 0
500060 0
500070 0
500080 0
