0.0000   1.0000   1.0007   1.0012   1.0010   1.0010   1.0019   1.0037   1.0063   1.0091   1.0112   1.0131   1.0152   1.0172   1.0191   1.0211   1.0230
0.0500   1.0000   1.0007   1.0012   1.0010   1.0009   1.0016   1.0031   1.0055   1.0080   1.0097   1.0112   1.0129   1.0145   1.0162   1.0178   1.0194
0.1000   1.0000   1.0004   1.0006   1.0002   0.9998   1.0002   1.0013   1.0032   1.0051   1.0064   1.0075   1.0087   1.0100   1.0113   1.0126   1.0139
0.1500   1.0000   1.0001   0.9999   0.9993   0.9987   0.9987   0.9993   1.0005   1.0018   1.0027   1.0033   1.0042   1.0051   1.0060   1.0070   1.0080
0.2000   1.0000   0.9997   0.9992   0.9983   0.9975   0.9972   0.9973   0.9981   0.9989   0.9993   0.9996   1.0001   1.0007   1.0014   1.0021   1.0029
0.2500   1.0000   0.9993   0.9985   0.9974   0.9963   0.9956   0.9954   0.9956   0.9959   0.9959   0.9959   0.9961   0.9964   0.9968   0.9972   0.9978
0.3000   1.0000   0.9989   0.9977   0.9964   0.9950   0.9940   0.9933   0.9929   0.9926   0.9922   0.9919   0.9917   0.9917   0.9917   0.9919   0.9922
0.3500   1.0000   0.9985   0.9970   0.9954   0.9938   0.9924   0.9913   0.9904   0.9896   0.9888   0.9882   0.9877   0.9873   0.9871   0.9871   0.9872
0.4000   1.0000   0.9982   0.9963   0.9945   0.9927   0.9911   0.9896   0.9883   0.9871   0.9861   0.9852   0.9845   0.9839   0.9835   0.9833   0.9832
0.4500   1.0000   0.9978   0.9958   0.9937   0.9918   0.9899   0.9881   0.9865   0.9850   0.9837   0.9827   0.9818   0.9811   0.9805   0.9801   0.9800
0.5000   1.0000   0.9975   0.9952   0.9929   0.9908   0.9887   0.9866   0.9846   0.9827   0.9813   0.9800   0.9790   0.9781   0.9774   0.9769   0.9765
0.5500   1.0000   0.9972   0.9945   0.9921   0.9898   0.9874   0.9850   0.9826   0.9803   0.9786   0.9772   0.9759   0.9748   0.9739   0.9733   0.9728
0.6000   1.0000   0.9969   0.9939   0.9913   0.9888   0.9862   0.9834   0.9806   0.9781   0.9761   0.9745   0.9730   0.9718   0.9707   0.9699   0.9693
0.6500   1.0000   0.9966   0.9934   0.9906   0.9879   0.9851   0.9822   0.9791   0.9763   0.9742   0.9725   0.9709   0.9695   0.9684   0.9675   0.9668
0.7000   1.0000   0.9964   0.9930   0.9901   0.9873   0.9844   0.9813   0.9780   0.9750   0.9728   0.9711   0.9694   0.9680   0.9668   0.9658   0.9651
0.7500   1.0000   0.9962   0.9926   0.9896   0.9868   0.9838   0.9806   0.9772   0.9741   0.9718   0.9701   0.9684   0.9669   0.9657   0.9647   0.9640
0.8000   1.0000   0.9960   0.9923   0.9892   0.9863   0.9832   0.9799   0.9764   0.9732   0.9709   0.9692   0.9675   0.9660   0.9648   0.9638   0.9630
0.8500   1.0000   0.9958   0.9920   0.9888   0.9858   0.9825   0.9791   0.9755   0.9722   0.9699   0.9681   0.9664   0.9649   0.9636   0.9626   0.9618
0.9000   1.0000   0.9956   0.9916   0.9883   0.9852   0.9819   0.9783   0.9745   0.9711   0.9687   0.9670   0.9652   0.9636   0.9623   0.9612   0.9604
0.9500   1.0000   0.9954   0.9913   0.9878   0.9847   0.9812   0.9776   0.9736   0.9701   0.9677   0.9659   0.9641   0.9625   0.9612   0.9601   0.9592
1.0000   1.0000   0.9953   0.9910   0.9875   0.9843   0.9808   0.9770   0.9730   0.9695   0.9671   0.9653   0.9635   0.9619   0.9606   0.9595   0.9586
1.0500   1.0000   0.9952   0.9908   0.9873   0.9840   0.9805   0.9768   0.9728   0.9693   0.9669   0.9653   0.9635   0.9620   0.9607   0.9596   0.9587
1.1000   1.0000   0.9951   0.9907   0.9872   0.9839   0.9805   0.9768   0.9728   0.9694   0.9671   0.9656   0.9639   0.9625   0.9612   0.9602   0.9594
1.1500   1.0000   0.9951   0.9907   0.9872   0.9839   0.9805   0.9769   0.9730   0.9697   0.9676   0.9662   0.9646   0.9632   0.9621   0.9611   0.9603
1.2000   1.0000   0.9951   0.9907   0.9871   0.9839   0.9805   0.9770   0.9732   0.9700   0.9680   0.9668   0.9653   0.9640   0.9629   0.9620   0.9613
1.2500   1.0000   0.9951   0.9906   0.9871   0.9839   0.9805   0.9770   0.9734   0.9703   0.9684   0.9673   0.9659   0.9647   0.9636   0.9627   0.9620
1.3000   1.0000   0.9950   0.9906   0.9870   0.9838   0.9805   0.9770   0.9735   0.9704   0.9686   0.9676   0.9663   0.9652   0.9642   0.9633   0.9627
1.3500   1.0000   0.9950   0.9905   0.9869   0.9837   0.9804   0.9770   0.9735   0.9706   0.9689   0.9680   0.9667   0.9656   0.9647   0.9639   0.9633
1.4000   1.0000   0.9949   0.9904   0.9868   0.9836   0.9804   0.9770   0.9736   0.9708   0.9692   0.9684   0.9673   0.9662   0.9654   0.9646   0.9640
1.4500   1.0000   0.9949   0.9904   0.9869   0.9837   0.9805   0.9772   0.9739   0.9712   0.9698   0.9691   0.9681   0.9671   0.9663   0.9656   0.9650
1.5000   1.0000   0.9950   0.9905   0.9870   0.9838   0.9807   0.9776   0.9744   0.9719   0.9706   0.9701   0.9692   0.9683   0.9676   0.9670   0.9665
1.5500   1.0000   0.9950   0.9906   0.9871   0.9841   0.9810   0.9781   0.9751   0.9728   0.9717   0.9713   0.9705   0.9698   0.9692   0.9687   0.9682
1.6000   1.0000   0.9951   0.9908   0.9874   0.9844   0.9815   0.9787   0.9759   0.9738   0.9729   0.9728   0.9721   0.9715   0.9710   0.9705   0.9701
1.6500   1.0000   0.9952   0.9910   0.9876   0.9847   0.9819   0.9793   0.9768   0.9749   0.9742   0.9742   0.9737   0.9733   0.9728   0.9724   0.9721
1.7000   1.0000   0.9953   0.9912   0.9879   0.9850   0.9824   0.9799   0.9776   0.9760   0.9754   0.9756   0.9753   0.9749   0.9746   0.9743   0.9740
1.7500   1.0000   0.9954   0.9913   0.9881   0.9853   0.9828   0.9805   0.9784   0.9769   0.9766   0.9769   0.9767   0.9765   0.9762   0.9760   0.9757
1.8000   1.0000   0.9954   0.9915   0.9883   0.9856   0.9831   0.9810   0.9791   0.9778   0.9776   0.9782   0.9781   0.9779   0.9778   0.9776   0.9773
1.8500   1.0000   0.9955   0.9916   0.9884   0.9858   0.9835   0.9814   0.9797   0.9787   0.9786   0.9793   0.9793   0.9793   0.9792   0.9791   0.9789
1.9000   1.0000   0.9956   0.9917   0.9886   0.9860   0.9838   0.9819   0.9804   0.9795   0.9796   0.9805   0.9806   0.9807   0.9807   0.9806   0.9804
1.9500   1.0000   0.9956   0.9919   0.9888   0.9863   0.9842   0.9824   0.9811   0.9804   0.9807   0.9817   0.9819   0.9821   0.9822   0.9821   0.9820
2.0000   1.0000   0.9957   0.9921   0.9891   0.9866   0.9846   0.9830   0.9819   0.9814   0.9818   0.9830   0.9834   0.9837   0.9838   0.9838   0.9837
2.0500   1.0000   0.9958   0.9923   0.9893   0.9870   0.9851   0.9837   0.9828   0.9825   0.9831   0.9844   0.9849   0.9853   0.9855   0.9856   0.9855
2.1000   1.0000   0.9960   0.9925   0.9897   0.9874   0.9856   0.9844   0.9837   0.9837   0.9845   0.9860   0.9866   0.9871   0.9874   0.9876   0.9875
2.1500   1.0000   0.9961   0.9928   0.9900   0.9878   0.9862   0.9852   0.9848   0.9850   0.9859   0.9876   0.9884   0.9890   0.9893   0.9895   0.9895
2.2000   1.0000   0.9962   0.9930   0.9903   0.9882   0.9868   0.9859   0.9857   0.9862   0.9873   0.9891   0.9900   0.9907   0.9911   0.9914   0.9914
2.2500   1.0000   0.9964   0.9933   0.9907   0.9887   0.9873   0.9867   0.9867   0.9874   0.9887   0.9906   0.9917   0.9924   0.9930   0.9933   0.9933
2.3000   1.0000   0.9965   0.9935   0.9910   0.9891   0.9879   0.9874   0.9876   0.9885   0.9900   0.9921   0.9932   0.9941   0.9947   0.9951   0.9951
2.3500   1.0000   0.9966   0.9938   0.9913   0.9895   0.9884   0.9881   0.9885   0.9896   0.9913   0.9935   0.9948   0.9957   0.9964   0.9967   0.9968
2.4000   1.0000   0.9967   0.9940   0.9916   0.9898   0.9889   0.9887   0.9894   0.9907   0.9925   0.9948   0.9962   0.9972   0.9980   0.9984   0.9984
2.4500   1.0000   0.9968   0.9942   0.9919   0.9902   0.9893   0.9893   0.9902   0.9917   0.9936   0.9961   0.9976   0.9987   0.9995   0.9999   1.0000
2.5000   1.0000   0.9970   0.9944   0.9922   0.9905   0.9898   0.9899   0.9910   0.9927   0.9947   0.9974   0.9989   1.0001   1.0009   1.0014   1.0015
2.5500   1.0000   0.9971   0.9946   0.9924   0.9909   0.9902   0.9905   0.9918   0.9937   0.9959   0.9986   1.0002   1.0015   1.0024   1.0029   1.0030
2.6000   1.0000   0.9972   0.9948   0.9927   0.9912   0.9907   0.9911   0.9926   0.9946   0.9970   0.9998   1.0016   1.0029   1.0038   1.0044   1.0045
2.6500   1.0000   0.9973   0.9950   0.9930   0.9916   0.9912   0.9918   0.9934   0.9956   0.9981   1.0011   1.0029   1.0043   1.0053   1.0058   1.0060
2.7000   1.0000   0.9974   0.9953   0.9933   0.9920   0.9917   0.9924   0.9942   0.9967   0.9993   1.0024   1.0043   1.0058   1.0068   1.0073   1.0074
2.7500   1.0000   0.9975   0.9955   0.9936   0.9924   0.9922   0.9931   0.9951   0.9977   1.0004   1.0036   1.0056   1.0072   1.0082   1.0088   1.0089
2.8000   1.0000   0.9977   0.9958   0.9940   0.9927   0.9927   0.9937   0.9959   0.9987   1.0016   1.0049   1.0069   1.0085   1.0096   1.0102   1.0103
2.8500   1.0000   0.9978   0.9960   0.9943   0.9931   0.9932   0.9944   0.9967   0.9997   1.0027   1.0061   1.0082   1.0099   1.0110   1.0116   1.0117
2.9000   1.0000   0.9979   0.9962   0.9946   0.9935   0.9936   0.9950   0.9975   1.0007   1.0037   1.0072   1.0095   1.0112   1.0123   1.0129   1.0130
2.9500   1.0000   0.9980   0.9965   0.9949   0.9939   0.9941   0.9956   0.9983   1.0016   1.0048   1.0083   1.0106   1.0124   1.0136   1.0142   1.0142
3.0000   1.0000   0.9981   0.9967   0.9951   0.9942   0.9945   0.9961   0.9990   1.0024   1.0058   1.0094   1.0118   1.0136   1.0148   1.0154   1.0154



