0.00000E0   2.79285E0   2.79468E0   2.79613E0   2.79575E0   2.79571E0   2.79816E0   2.80311E0   2.81055E0   2.81830E0   2.82414E0   2.82956E0   2.83519E0   2.84076E0   2.84626E0   2.85171E0   2.85709E0
5.00000E-2   2.29798E0   2.29959E0   2.30076E0   2.30030E0   2.29999E0   2.30161E0   2.30516E0   2.31064E0   2.31626E0   2.32023E0   2.32374E0   2.32755E0   2.33133E0   2.33509E0   2.33882E0   2.34252E0
1.00000E-1   1.95489E0   1.95568E0   1.95611E0   1.95530E0   1.95459E0   1.95532E0   1.95749E0   1.96109E0   1.96480E0   1.96731E0   1.96949E0   1.97197E0   1.97446E0   1.97699E0   1.97953E0   1.98211E0
1.50000E-1   1.71390E0   1.71398E0   1.71380E0   1.71268E0   1.71162E0   1.71162E0   1.71269E0   1.71483E0   1.71707E0   1.71845E0   1.71962E0   1.72107E0   1.72259E0   1.72419E0   1.72586E0   1.72759E0
2.00000E-1   1.50748E0   1.50699E0   1.50631E0   1.50497E0   1.50368E0   1.50319E0   1.50348E0   1.50455E0   1.50575E0   1.50638E0   1.50691E0   1.50769E0   1.50857E0   1.50955E0   1.51062E0   1.51180E0
2.50000E-1   1.33212E0   1.33119E0   1.33014E0   1.32864E0   1.32719E0   1.32630E0   1.32599E0   1.32624E0   1.32661E0   1.32666E0   1.32668E0   1.32694E0   1.32731E0   1.32781E0   1.32842E0   1.32916E0
3.00000E-1   1.19382E0   1.19251E0   1.19113E0   1.18947E0   1.18787E0   1.18664E0   1.18580E0   1.18534E0   1.18500E0   1.18455E0   1.18413E0   1.18393E0   1.18387E0   1.18395E0   1.18417E0   1.18453E0
3.50000E-1   1.08509E0   1.08346E0   1.08183E0   1.08006E0   1.07833E0   1.07685E0   1.07562E0   1.07462E0   1.07377E0   1.07295E0   1.07223E0   1.07171E0   1.07134E0   1.07112E0   1.07106E0   1.07116E0
4.00000E-1   9.92127E-1   9.90301E-1   9.88503E-1   9.86674E-1   9.84904E-1   9.83283E-1   9.81812E-1   9.80491E-1   9.79319E-1   9.78297E-1   9.77424E-1   9.76718E-1   9.76172E-1   9.75786E-1   9.75560E-1   9.75493E-1
4.50000E-1   9.06479E-1   9.04528E-1   9.02638E-1   9.00799E-1   8.99028E-1   8.97338E-1   8.95731E-1   8.94206E-1   8.92840E-1   8.91709E-1   8.90762E-1   8.89955E-1   8.89306E-1   8.88816E-1   8.88484E-1   8.88312E-1
5.00000E-1   8.28073E-1   8.26026E-1   8.24068E-1   8.22230E-1   8.20465E-1   8.18723E-1   8.17005E-1   8.15311E-1   8.13782E-1   8.12559E-1   8.11549E-1   8.10654E-1   8.09918E-1   8.09339E-1   8.08917E-1   8.08653E-1
5.50000E-1   7.60078E-1   7.57940E-1   7.55913E-1   7.54069E-1   7.52300E-1   7.50502E-1   7.48674E-1   7.46817E-1   7.45129E-1   7.43812E-1   7.42732E-1   7.41751E-1   7.40928E-1   7.40263E-1   7.39756E-1   7.39407E-1
6.00000E-1   7.03355E-1   7.01145E-1   6.99066E-1   6.97220E-1   6.95455E-1   6.93618E-1   6.91710E-1   6.89731E-1   6.87927E-1   6.86546E-1   6.85424E-1   6.84383E-1   6.83501E-1   6.82775E-1   6.82207E-1   6.81797E-1
6.50000E-1   6.56076E-1   6.53832E-1   6.51736E-1   6.49909E-1   6.48168E-1   6.46331E-1   6.44399E-1   6.42372E-1   6.40525E-1   6.39136E-1   6.38020E-1   6.36968E-1   6.36070E-1   6.35324E-1   6.34733E-1   6.34295E-1
7.00000E-1   6.14829E-1   6.12590E-1   6.10510E-1   6.08721E-1   6.07024E-1   6.05221E-1   6.03312E-1   6.01297E-1   5.99467E-1   5.98114E-1   5.97043E-1   5.96016E-1   5.95136E-1   5.94402E-1   5.93815E-1   5.93374E-1
7.50000E-1   5.76441E-1   5.74238E-1   5.72200E-1   5.70466E-1   5.68829E-1   5.67085E-1   5.65233E-1   5.63272E-1   5.61500E-1   5.60211E-1   5.59207E-1   5.58230E-1   5.57390E-1   5.56687E-1   5.56121E-1   5.55693E-1
8.00000E-1   5.39555E-1   5.37397E-1   5.35411E-1   5.33740E-1   5.32170E-1   5.30492E-1   5.28704E-1   5.26807E-1   5.25098E-1   5.23875E-1   5.22940E-1   5.22013E-1   5.21215E-1   5.20544E-1   5.20003E-1   5.19589E-1
8.50000E-1   5.04498E-1   5.02385E-1   5.00449E-1   4.98830E-1   4.97316E-1   4.95693E-1   4.93961E-1   4.92118E-1   4.90465E-1   4.89298E-1   4.88419E-1   4.87535E-1   4.86772E-1   4.86129E-1   4.85606E-1   4.85204E-1
9.00000E-1   4.72508E-1   4.70435E-1   4.68542E-1   4.66974E-1   4.65513E-1   4.63940E-1   4.62256E-1   4.60461E-1   4.58854E-1   4.57735E-1   4.56904E-1   4.56057E-1   4.55323E-1   4.54703E-1   4.54196E-1   4.53804E-1
9.50000E-1   4.44618E-1   4.42584E-1   4.40732E-1   4.39211E-1   4.37798E-1   4.36274E-1   4.34638E-1   4.32891E-1   4.31332E-1   4.30261E-1   4.29479E-1   4.28668E-1   4.27964E-1   4.27368E-1   4.26880E-1   4.26498E-1
1.00000E0   4.20794E-1   4.18807E-1   4.17004E-1   4.15531E-1   4.14170E-1   4.12701E-1   4.11126E-1   4.09443E-1   4.07949E-1   4.06937E-1   4.06211E-1   4.05447E-1   4.04782E-1   4.04218E-1   4.03755E-1   4.03391E-1
1.05000E0   4.00276E-1   3.98348E-1   3.96605E-1   3.95186E-1   3.93881E-1   3.92479E-1   3.90979E-1   3.89380E-1   3.87969E-1   3.87030E-1   3.86373E-1   3.85666E-1   3.85051E-1   3.84527E-1   3.84096E-1   3.83757E-1
1.10000E0   3.81860E-1   3.80002E-1   3.78327E-1   3.76968E-1   3.75724E-1   3.74395E-1   3.72982E-1   3.71483E-1   3.70170E-1   3.69312E-1   3.68731E-1   3.68088E-1   3.67528E-1   3.67051E-1   3.66658E-1   3.66347E-1
1.15000E0   3.64404E-1   3.62623E-1   3.61021E-1   3.59724E-1   3.58544E-1   3.57292E-1   3.55969E-1   3.54576E-1   3.53365E-1   3.52592E-1   3.52086E-1   3.51509E-1   3.51006E-1   3.50577E-1   3.50222E-1   3.49940E-1
1.20000E0   3.47246E-1   3.45542E-1   3.44014E-1   3.42779E-1   3.41660E-1   3.40484E-1   3.39249E-1   3.37957E-1   3.36844E-1   3.36150E-1   3.35715E-1   3.35200E-1   3.34750E-1   3.34365E-1   3.34046E-1   3.33792E-1
1.25000E0   3.30313E-1   3.28682E-1   3.27223E-1   3.26045E-1   3.24985E-1   3.23878E-1   3.22724E-1   3.21523E-1   3.20499E-1   3.19875E-1   3.19502E-1   3.19041E-1   3.18638E-1   3.18293E-1   3.18005E-1   3.17774E-1
1.30000E0   3.13972E-1   3.12408E-1   3.11013E-1   3.09889E-1   3.08883E-1   3.07839E-1   3.06757E-1   3.05637E-1   3.04690E-1   3.04128E-1   3.03809E-1   3.03396E-1   3.03034E-1   3.02723E-1   3.02462E-1   3.02252E-1
1.35000E0   2.98758E-1   2.97256E-1   2.95919E-1   2.94845E-1   2.93888E-1   2.92901E-1   2.91885E-1   2.90839E-1   2.89964E-1   2.89457E-1   2.89186E-1   2.88817E-1   2.88492E-1   2.88211E-1   2.87975E-1   2.87783E-1
1.40000E0   2.85100E-1   2.83657E-1   2.82376E-1   2.81349E-1   2.80438E-1   2.79506E-1   2.78553E-1   2.77579E-1   2.76771E-1   2.76318E-1   2.76094E-1   2.75766E-1   2.75476E-1   2.75225E-1   2.75012E-1   2.74838E-1
1.45000E0   2.73152E-1   2.71768E-1   2.70543E-1   2.69561E-1   2.68695E-1   2.67817E-1   2.66928E-1   2.66026E-1   2.65288E-1   2.64889E-1   2.64712E-1   2.64425E-1   2.64171E-1   2.63949E-1   2.63760E-1   2.63604E-1
1.50000E0   2.62757E-1   2.61434E-1   2.60265E-1   2.59328E-1   2.58507E-1   2.57685E-1   2.56861E-1   2.56035E-1   2.55370E-1   2.55027E-1   2.54897E-1   2.54653E-1   2.54436E-1   2.54245E-1   2.54080E-1   2.53942E-1
1.55000E0   2.53529E-1   2.52269E-1   2.51158E-1   2.50266E-1   2.49490E-1   2.48724E-1   2.47967E-1   2.47220E-1   2.46630E-1   2.46343E-1   2.46262E-1   2.46062E-1   2.45882E-1   2.45722E-1   2.45581E-1   2.45461E-1
1.60000E0   2.44998E-1   2.43801E-1   2.42748E-1   2.41902E-1   2.41170E-1   2.40459E-1   2.39770E-1   2.39102E-1   2.38587E-1   2.38356E-1   2.38323E-1   2.38165E-1   2.38022E-1   2.37891E-1   2.37775E-1   2.37671E-1
1.65000E0   2.36713E-1   2.35578E-1   2.34583E-1   2.33781E-1   2.33092E-1   2.32436E-1   2.31812E-1   2.31219E-1   2.30776E-1   2.30599E-1   2.30610E-1   2.30493E-1   2.30383E-1   2.30281E-1   2.30186E-1   2.30099E-1
1.70000E0   2.28423E-1   2.27349E-1   2.26409E-1   2.25650E-1   2.25002E-1   2.24397E-1   2.23834E-1   2.23312E-1   2.22936E-1   2.22807E-1   2.22858E-1   2.22778E-1   2.22699E-1   2.22622E-1   2.22547E-1   2.22474E-1
1.75000E0   2.20066E-1   2.19048E-1   2.18160E-1   2.17442E-1   2.16833E-1   2.16275E-1   2.15767E-1   2.15309E-1   2.14993E-1   2.14907E-1   2.14993E-1   2.14945E-1   2.14893E-1   2.14839E-1   2.14781E-1   2.14720E-1
1.80000E0   2.11760E-1   2.10796E-1   2.09957E-1   2.09276E-1   2.08703E-1   2.08188E-1   2.07731E-1   2.07331E-1   2.07068E-1   2.07020E-1   2.07136E-1   2.07116E-1   2.07089E-1   2.07054E-1   2.07011E-1   2.06961E-1
1.85000E0   2.03719E-1   2.02804E-1   2.02010E-1   2.01364E-1   2.00825E-1   2.00350E-1   1.99938E-1   1.99591E-1   1.99376E-1   1.99363E-1   1.99505E-1   1.99510E-1   1.99504E-1   1.99486E-1   1.99457E-1   1.99415E-1
1.90000E0   1.96173E-1   1.95304E-1   1.94552E-1   1.93940E-1   1.93432E-1   1.92994E-1   1.92625E-1   1.92326E-1   1.92156E-1   1.92174E-1   1.92341E-1   1.92370E-1   1.92383E-1   1.92381E-1   1.92363E-1   1.92330E-1
1.95000E0   1.89304E-1   1.88480E-1   1.87768E-1   1.87187E-1   1.86709E-1   1.86306E-1   1.85978E-1   1.85726E-1   1.85599E-1   1.85647E-1   1.85836E-1   1.85887E-1   1.85918E-1   1.85930E-1   1.85924E-1   1.85899E-1
2.00000E0   1.83298E-1   1.82517E-1   1.81843E-1   1.81292E-1   1.80842E-1   1.80472E-1   1.80184E-1   1.79977E-1   1.79892E-1   1.79969E-1   1.80181E-1   1.80253E-1   1.80302E-1   1.80328E-1   1.80332E-1   1.80314E-1
2.05000E0   1.78065E-1   1.77324E-1   1.76688E-1   1.76165E-1   1.75742E-1   1.75405E-1   1.75156E-1   1.74994E-1   1.74950E-1   1.75056E-1   1.75290E-1   1.75383E-1   1.75449E-1   1.75489E-1   1.75503E-1   1.75491E-1
2.10000E0   1.73159E-1   1.72462E-1   1.71864E-1   1.71370E-1   1.70974E-1   1.70671E-1   1.70461E-1   1.70345E-1   1.70343E-1   1.70478E-1   1.70734E-1   1.70847E-1   1.70930E-1   1.70983E-1   1.71007E-1   1.71000E-1
2.15000E0   1.68652E-1   1.67996E-1   1.67435E-1   1.66968E-1   1.66598E-1   1.66327E-1   1.66155E-1   1.66082E-1   1.66120E-1   1.66282E-1   1.66559E-1   1.66691E-1   1.66789E-1   1.66855E-1   1.66887E-1   1.66885E-1
2.20000E0   1.64364E-1   1.63746E-1   1.63219E-1   1.62777E-1   1.62430E-1   1.62187E-1   1.62050E-1   1.62016E-1   1.62091E-1   1.62276E-1   1.62571E-1   1.62720E-1   1.62833E-1   1.62909E-1   1.62948E-1   1.62951E-1
2.25000E0   1.60126E-1   1.59546E-1   1.59052E-1   1.58635E-1   1.58312E-1   1.58097E-1   1.57992E-1   1.57997E-1   1.58106E-1   1.58315E-1   1.58626E-1   1.58791E-1   1.58916E-1   1.59002E-1   1.59047E-1   1.59054E-1
2.30000E0   1.55831E-1   1.55286E-1   1.54825E-1   1.54432E-1   1.54130E-1   1.53941E-1   1.53867E-1   1.53906E-1   1.54046E-1   1.54275E-1   1.54600E-1   1.54779E-1   1.54915E-1   1.55009E-1   1.55060E-1   1.55069E-1
2.35000E0   1.51452E-1   1.50941E-1   1.50509E-1   1.50139E-1   1.49857E-1   1.49693E-1   1.49646E-1   1.49716E-1   1.49884E-1   1.50130E-1   1.50468E-1   1.50658E-1   1.50803E-1   1.50904E-1   1.50960E-1   1.50971E-1
2.40000E0   1.47051E-1   1.46571E-1   1.46168E-1   1.45818E-1   1.45556E-1   1.45414E-1   1.45392E-1   1.45490E-1   1.45682E-1   1.45943E-1   1.46290E-1   1.46490E-1   1.46643E-1   1.46750E-1   1.46809E-1   1.46822E-1
2.45000E0   1.42718E-1   1.42268E-1   1.41890E-1   1.41561E-1   1.41316E-1   1.41194E-1   1.41195E-1   1.41318E-1   1.41532E-1   1.41807E-1   1.42161E-1   1.42370E-1   1.42530E-1   1.42641E-1   1.42703E-1   1.42717E-1
2.50000E0   1.38494E-1   1.38072E-1   1.37720E-1   1.37409E-1   1.37181E-1   1.37078E-1   1.37100E-1   1.37246E-1   1.37480E-1   1.37766E-1   1.38127E-1   1.38343E-1   1.38509E-1   1.38624E-1   1.38689E-1   1.38703E-1
2.55000E0   1.34569E-1   1.34173E-1   1.33844E-1   1.33551E-1   1.33339E-1   1.33254E-1   1.33295E-1   1.33463E-1   1.33715E-1   1.34012E-1   1.34379E-1   1.34602E-1   1.34773E-1   1.34891E-1   1.34958E-1   1.34973E-1
2.60000E0   1.31062E-1   1.30691E-1   1.30383E-1   1.30107E-1   1.29910E-1   1.29841E-1   1.29900E-1   1.30088E-1   1.30358E-1   1.30665E-1   1.31038E-1   1.31267E-1   1.31443E-1   1.31565E-1   1.31633E-1   1.31647E-1
2.65000E0   1.27855E-1   1.27508E-1   1.27222E-1   1.26961E-1   1.26778E-1   1.26725E-1   1.26803E-1   1.27011E-1   1.27298E-1   1.27614E-1   1.27993E-1   1.28228E-1   1.28408E-1   1.28533E-1   1.28602E-1   1.28617E-1
2.70000E0   1.24824E-1   1.24501E-1   1.24236E-1   1.23990E-1   1.23821E-1   1.23784E-1   1.23879E-1   1.24106E-1   1.24410E-1   1.24735E-1   1.25119E-1   1.25359E-1   1.25543E-1   1.25670E-1   1.25740E-1   1.25754E-1
2.75000E0   1.21855E-1   1.21555E-1   1.21310E-1   1.21079E-1   1.20923E-1   1.20901E-1   1.21012E-1   1.21256E-1   1.21575E-1   1.21908E-1   1.22296E-1   1.22541E-1   1.22728E-1   1.22856E-1   1.22927E-1   1.22939E-1
2.80000E0   1.18839E-1   1.18562E-1   1.18336E-1   1.18120E-1   1.17977E-1   1.17968E-1   1.18094E-1   1.18354E-1   1.18686E-1   1.19026E-1   1.19416E-1   1.19664E-1   1.19853E-1   1.19983E-1   1.20053E-1   1.20064E-1
2.85000E0   1.15674E-1   1.15419E-1   1.15212E-1   1.15010E-1   1.14879E-1   1.14883E-1   1.15022E-1   1.15296E-1   1.15639E-1   1.15984E-1   1.16375E-1   1.16625E-1   1.16815E-1   1.16945E-1   1.17014E-1   1.17023E-1
2.90000E0   1.12263E-1   1.12029E-1   1.11840E-1   1.11652E-1   1.11533E-1   1.11548E-1   1.11699E-1   1.11985E-1   1.12336E-1   1.12684E-1   1.13073E-1   1.13324E-1   1.13514E-1   1.13643E-1   1.13711E-1   1.13718E-1
2.95000E0   1.08513E-1   1.08300E-1   1.08129E-1   1.07955E-1   1.07846E-1   1.07872E-1   1.08032E-1   1.08327E-1   1.08684E-1   1.09031E-1   1.09418E-1   1.09668E-1   1.09856E-1   1.09984E-1   1.10050E-1   1.10054E-1
3.00000E0   1.04338E-1   1.04145E-1   1.03991E-1   1.03830E-1   1.03732E-1   1.03767E-1   1.03934E-1   1.04234E-1   1.04593E-1   1.04939E-1   1.05319E-1   1.05566E-1   1.05752E-1   1.05877E-1   1.05940E-1   1.05943E-1
