0.0000   1.0000   1.0000   1.0000   1.0000   0.9999   0.9999   0.9999   1.0000   1.0000   1.0000   1.0000   1.0000   1.0000   1.0000   1.0000   1.0000
0.0500   1.0000   0.9992   0.9984   0.9978   0.9971   0.9962   0.9949   0.9933   0.9916   0.9901   0.9887   0.9874   0.9862   0.9851   0.9841   0.9833
0.1000   1.0000   0.9983   0.9967   0.9954   0.9940   0.9920   0.9893   0.9861   0.9827   0.9797   0.9768   0.9743   0.9719   0.9698   0.9679   0.9662
0.1500   1.0000   0.9973   0.9947   0.9928   0.9906   0.9875   0.9835   0.9785   0.9734   0.9689   0.9646   0.9608   0.9573   0.9542   0.9513   0.9488
0.2000   1.0000   0.9963   0.9927   0.9900   0.9870   0.9828   0.9774   0.9706   0.9638   0.9579   0.9522   0.9472   0.9426   0.9384   0.9347   0.9315
0.2500   1.0000   0.9951   0.9905   0.9870   0.9833   0.9780   0.9711   0.9626   0.9539   0.9466   0.9396   0.9334   0.9277   0.9226   0.9181   0.9141
0.3000   1.0000   0.9940   0.9882   0.9840   0.9795   0.9730   0.9647   0.9544   0.9439   0.9352   0.9270   0.9196   0.9129   0.9069   0.9016   0.8970
0.3500   1.0000   0.9927   0.9859   0.9809   0.9755   0.9680   0.9581   0.9460   0.9339   0.9238   0.9143   0.9058   0.8982   0.8913   0.8852   0.8800
0.4000   1.0000   0.9915   0.9835   0.9777   0.9715   0.9628   0.9516   0.9377   0.9238   0.9124   0.9018   0.8922   0.8836   0.8759   0.8691   0.8633
0.4500   1.0000   0.9902   0.9811   0.9744   0.9675   0.9577   0.9450   0.9293   0.9137   0.9010   0.8893   0.8787   0.8692   0.8607   0.8533   0.8470
0.5000   1.0000   0.9889   0.9787   0.9712   0.9635   0.9525   0.9384   0.9209   0.9036   0.8897   0.8770   0.8655   0.8551   0.8459   0.8379   0.8310
0.5500   1.0000   0.9876   0.9762   0.9679   0.9594   0.9474   0.9318   0.9126   0.8937   0.8786   0.8649   0.8525   0.8413   0.8314   0.8228   0.8155
0.6000   1.0000   0.9863   0.9737   0.9646   0.9553   0.9422   0.9253   0.9044   0.8839   0.8677   0.8531   0.8398   0.8279   0.8174   0.8083   0.8006
0.6500   1.0000   0.9850   0.9712   0.9613   0.9513   0.9371   0.9188   0.8963   0.8742   0.8570   0.8416   0.8274   0.8148   0.8037   0.7942   0.7861
0.7000   1.0000   0.9837   0.9687   0.9581   0.9473   0.9321   0.9125   0.8884   0.8648   0.8465   0.8304   0.8155   0.8022   0.7906   0.7806   0.7722
0.7500   1.0000   0.9824   0.9663   0.9548   0.9434   0.9272   0.9063   0.8806   0.8555   0.8363   0.8195   0.8039   0.7901   0.7779   0.7676   0.7589
0.8000   1.0000   0.9811   0.9638   0.9516   0.9395   0.9223   0.9002   0.8730   0.8466   0.8265   0.8090   0.7928   0.7784   0.7658   0.7551   0.7462
0.8500   1.0000   0.9798   0.9614   0.9485   0.9357   0.9176   0.8942   0.8656   0.8379   0.8170   0.7989   0.7821   0.7672   0.7543   0.7433   0.7342
0.9000   1.0000   0.9785   0.9591   0.9454   0.9319   0.9129   0.8885   0.8585   0.8295   0.8078   0.7892   0.7719   0.7566   0.7433   0.7321   0.7229
0.9500   1.0000   0.9773   0.9567   0.9424   0.9283   0.9084   0.8829   0.8516   0.8214   0.7990   0.7800   0.7622   0.7465   0.7329   0.7215   0.7122
1.0000   1.0000   0.9760   0.9545   0.9395   0.9247   0.9041   0.8775   0.8450   0.8136   0.7906   0.7712   0.7530   0.7370   0.7232   0.7116   0.7022
1.0500   1.0000   0.9749   0.9523   0.9366   0.9213   0.8999   0.8723   0.8386   0.8062   0.7827   0.7629   0.7443   0.7280   0.7140   0.7023   0.6929
1.1000   1.0000   0.9737   0.9501   0.9338   0.9180   0.8958   0.8673   0.8325   0.7992   0.7751   0.7551   0.7362   0.7197   0.7055   0.6937   0.6842
1.1500   1.0000   0.9726   0.9480   0.9311   0.9148   0.8919   0.8626   0.8268   0.7925   0.7680   0.7478   0.7286   0.7119   0.6976   0.6857   0.6763
1.2000   1.0000   0.9715   0.9460   0.9285   0.9117   0.8882   0.8581   0.8213   0.7863   0.7613   0.7410   0.7216   0.7047   0.6903   0.6784   0.6691
1.2500   1.0000   0.9704   0.9441   0.9260   0.9087   0.8847   0.8538   0.8161   0.7804   0.7551   0.7346   0.7151   0.6981   0.6837   0.6718   0.6625
1.3000   1.0000   0.9694   0.9422   0.9236   0.9059   0.8813   0.8497   0.8113   0.7749   0.7493   0.7288   0.7091   0.6921   0.6776   0.6658   0.6566
1.3500   1.0000   0.9684   0.9404   0.9213   0.9032   0.8781   0.8460   0.8068   0.7698   0.7440   0.7235   0.7037   0.6866   0.6722   0.6605   0.6514
1.4000   1.0000   0.9675   0.9387   0.9192   0.9007   0.8751   0.8424   0.8026   0.7650   0.7391   0.7186   0.6988   0.6817   0.6674   0.6557   0.6468
1.4500   1.0000   0.9666   0.9371   0.9171   0.8983   0.8723   0.8391   0.7987   0.7607   0.7347   0.7142   0.6944   0.6774   0.6631   0.6516   0.6429
1.5000   1.0000   0.9657   0.9355   0.9151   0.8960   0.8696   0.8360   0.7952   0.7568   0.7307   0.7103   0.6906   0.6736   0.6594   0.6481   0.6395
1.5500   1.0000   0.9649   0.9341   0.9133   0.8939   0.8672   0.8332   0.7919   0.7533   0.7271   0.7069   0.6872   0.6703   0.6563   0.6451   0.6368
1.6000   1.0000   0.9641   0.9327   0.9116   0.8919   0.8649   0.8306   0.7890   0.7501   0.7240   0.7039   0.6843   0.6676   0.6537   0.6427   0.6346
1.6500   1.0000   0.9634   0.9314   0.9100   0.8901   0.8628   0.8283   0.7864   0.7473   0.7212   0.7014   0.6819   0.6653   0.6516   0.6408   0.6329
1.7000   1.0000   0.9628   0.9302   0.9085   0.8884   0.8609   0.8262   0.7841   0.7449   0.7189   0.6993   0.6800   0.6636   0.6501   0.6395   0.6318
1.7500   1.0000   0.9621   0.9291   0.9071   0.8868   0.8592   0.8243   0.7820   0.7428   0.7169   0.6976   0.6784   0.6622   0.6489   0.6386   0.6311
1.8000   1.0000   0.9615   0.9281   0.9058   0.8854   0.8577   0.8226   0.7803   0.7411   0.7154   0.6963   0.6773   0.6613   0.6483   0.6381   0.6309
1.8500   1.0000   0.9610   0.9271   0.9046   0.8841   0.8563   0.8212   0.7788   0.7397   0.7142   0.6953   0.6766   0.6609   0.6480   0.6381   0.6312
1.9000   1.0000   0.9605   0.9263   0.9035   0.8829   0.8551   0.8200   0.7777   0.7386   0.7133   0.6948   0.6763   0.6608   0.6482   0.6386   0.6318
1.9500   1.0000   0.9601   0.9255   0.9026   0.8819   0.8540   0.8190   0.7767   0.7378   0.7128   0.6946   0.6764   0.6611   0.6488   0.6394   0.6329
2.0000   1.0000   0.9597   0.9248   0.9017   0.8810   0.8531   0.8181   0.7761   0.7374   0.7126   0.6947   0.6768   0.6618   0.6497   0.6405   0.6343
2.0500   1.0000   0.9593   0.9242   0.9010   0.8802   0.8524   0.8175   0.7756   0.7372   0.7127   0.6951   0.6775   0.6628   0.6509   0.6420   0.6360
2.1000   1.0000   0.9590   0.9236   0.9003   0.8795   0.8518   0.8171   0.7754   0.7373   0.7131   0.6959   0.6785   0.6641   0.6525   0.6438   0.6381
2.1500   1.0000   0.9587   0.9232   0.8997   0.8790   0.8513   0.8168   0.7754   0.7376   0.7138   0.6969   0.6798   0.6656   0.6544   0.6460   0.6404
2.2000   1.0000   0.9584   0.9228   0.8993   0.8785   0.8510   0.8167   0.7757   0.7382   0.7147   0.6982   0.6814   0.6675   0.6565   0.6483   0.6430
2.2500   1.0000   0.9582   0.9224   0.8989   0.8782   0.8508   0.8168   0.7761   0.7390   0.7158   0.6997   0.6832   0.6696   0.6588   0.6509   0.6459
2.3000   1.0000   0.9581   0.9222   0.8986   0.8779   0.8507   0.8170   0.7767   0.7401   0.7172   0.7014   0.6852   0.6719   0.6614   0.6538   0.6489
2.3500   1.0000   0.9579   0.9220   0.8984   0.8778   0.8507   0.8173   0.7775   0.7413   0.7188   0.7033   0.6875   0.6744   0.6642   0.6568   0.6521
2.4000   1.0000   0.9578   0.9218   0.8982   0.8777   0.8509   0.8178   0.7784   0.7427   0.7206   0.7054   0.6899   0.6772   0.6672   0.6600   0.6555
2.4500   1.0000   0.9577   0.9217   0.8982   0.8777   0.8512   0.8184   0.7795   0.7443   0.7225   0.7077   0.6925   0.6800   0.6703   0.6633   0.6591
2.5000   1.0000   0.9577   0.9217   0.8982   0.8779   0.8515   0.8191   0.7808   0.7460   0.7247   0.7102   0.6953   0.6831   0.6736   0.6668   0.6627
2.5500   1.0000   0.9577   0.9217   0.8982   0.8780   0.8520   0.8200   0.7821   0.7479   0.7269   0.7128   0.6982   0.6862   0.6770   0.6704   0.6665
2.6000   1.0000   0.9577   0.9218   0.8984   0.8783   0.8525   0.8209   0.7836   0.7499   0.7293   0.7155   0.7012   0.6895   0.6805   0.6741   0.6703
2.6500   1.0000   0.9578   0.9219   0.8986   0.8787   0.8531   0.8220   0.7852   0.7521   0.7318   0.7183   0.7043   0.6929   0.6841   0.6779   0.6743
2.7000   1.0000   0.9578   0.9221   0.8989   0.8791   0.8538   0.8231   0.7869   0.7543   0.7344   0.7212   0.7075   0.6963   0.6877   0.6817   0.6782
2.7500   1.0000   0.9579   0.9223   0.8992   0.8795   0.8546   0.8243   0.7887   0.7566   0.7371   0.7242   0.7107   0.6998   0.6914   0.6856   0.6822
2.8000   1.0000   0.9580   0.9226   0.8995   0.8801   0.8554   0.8256   0.7905   0.7591   0.7399   0.7272   0.7140   0.7034   0.6952   0.6895   0.6862
2.8500   1.0000   0.9582   0.9229   0.8999   0.8806   0.8563   0.8269   0.7925   0.7616   0.7427   0.7303   0.7174   0.7069   0.6989   0.6934   0.6903
2.9000   1.0000   0.9583   0.9232   0.9004   0.8813   0.8572   0.8283   0.7944   0.7641   0.7456   0.7335   0.7208   0.7106   0.7027   0.6973   0.6943
2.9500   1.0000   0.9585   0.9236   0.9009   0.8819   0.8582   0.8297   0.7965   0.7667   0.7486   0.7366   0.7242   0.7142   0.7065   0.7012   0.6983
3.0000   1.0000   0.9587   0.9240   0.9014   0.8826   0.8592   0.8312   0.7986   0.7693   0.7515   0.7398   0.7276   0.7178   0.7103   0.7051   0.7022



