Initializing Object for correlated glauber
Reading in correlation grids from memory: /home/wim/Code/share/input/CorrGrid.C.tot.90.c50.dat
0 0 0 0.999325
0 0 1 0.999325
0 0 2 0.999325
0 0 3 0.999325
0 0 4 0.999325
0 0 5 0.999325
0 0 6 0.999325
0 1 0 0.999325
0 1 1 0.999325
0 1 2 0.999325
0 1 3 0.999325
0 1 4 0.999325
0 1 5 0.999325
0 1 6 0.999325
0 2 0 0.999325
0 2 1 0.999325
0 2 2 0.999325
0 2 3 0.999325
0 2 4 0.999325
0 2 5 0.999325
0 2 6 0.999325
0 3 0 0.999325
0 3 1 0.999325
0 3 2 0.999325
0 3 3 0.999325
0 3 4 0.999325
0 3 5 0.999325
0 3 6 0.999325
0 4 0 0.999325
0 4 1 0.999325
0 4 2 0.999325
0 4 3 0.999325
0 4 4 0.999325
0 4 5 0.999325
0 4 6 0.999325
0 5 0 0.999325
0 5 1 0.999325
0 5 2 0.999325
0 5 3 0.999325
0 5 4 0.999325
0 5 5 0.999325
0 5 6 0.999325
0 6 0 0.999325
0 6 1 0.999325
0 6 2 0.999325
0 6 3 0.999325
0 6 4 0.999325
0 6 5 0.999325
0 6 6 0.999325
0 7 0 0.999325
0 7 1 0.999325
0 7 2 0.999325
0 7 3 0.999325
0 7 4 0.999325
0 7 5 0.999325
0 7 6 0.999325
0 8 0 0.999325
0 8 1 0.999325
0 8 2 0.999325
0 8 3 0.999325
0 8 4 0.999325
0 8 5 0.999325
0 8 6 0.999325
0 9 0 0.999325
0 9 1 0.999325
0 9 2 0.999325
0 9 3 0.999325
0 9 4 0.999325
0 9 5 0.999325
0 9 6 0.999325
0 10 0 0.999325
0 10 1 0.999325
0 10 2 0.999325
0 10 3 0.999325
0 10 4 0.999325
0 10 5 0.999325
0 10 6 0.999325
0 11 0 0.999325
0 11 1 0.999325
0 11 2 0.999325
0 11 3 0.999325
0 11 4 0.999325
0 11 5 0.999325
0 11 6 0.999325
0 12 0 0.999325
0 12 1 0.999325
0 12 2 0.999325
0 12 3 0.999325
0 12 4 0.999325
0 12 5 0.999325
0 12 6 0.999325
0 13 0 0.999325
0 13 1 0.999325
0 13 2 0.999325
0 13 3 0.999325
0 13 4 0.999325
0 13 5 0.999325
0 13 6 0.999325
0 14 0 0.999325
0 14 1 0.999325
0 14 2 0.999325
0 14 3 0.999325
0 14 4 0.999325
0 14 5 0.999325
0 14 6 0.999325
0 15 0 0.999325
0 15 1 0.999325
0 15 2 0.999325
0 15 3 0.999325
0 15 4 0.999325
0 15 5 0.999325
0 15 6 0.999325
1 0 0 0.98414
1 0 1 0.98414
1 0 2 0.98414
1 0 3 0.98414
1 0 4 0.98414
1 0 5 0.98414
1 0 6 0.98414
1 1 0 1.01594
1 1 1 1.01591
1 1 2 1.01592
1 1 3 1.01594
1 1 4 1.01592
1 1 5 1.01591
1 1 6 1.01594
1 2 0 1.01567
1 2 1 1.01567
1 2 2 1.01565
1 2 3 1.01568
1 2 4 1.01565
1 2 5 1.01567
1 2 6 1.01567
1 3 0 1.01565
1 3 1 1.01563
1 3 2 1.01562
1 3 3 1.01564
1 3 4 1.01562
1 3 5 1.01563
1 3 6 1.01565
1 4 0 1.01592
1 4 1 1.01581
1 4 2 1.01579
1 4 3 1.0159
1 4 4 1.01579
1 4 5 1.01581
1 4 6 1.01592
1 5 0 1.01594
1 5 1 1.01576
1 5 2 1.01574
1 5 3 1.01586
1 5 4 1.01574
1 5 5 1.01576
1 5 6 1.01594
1 6 0 1.0159
1 6 1 1.01575
1 6 2 1.01575
1 6 3 1.01592
1 6 4 1.01575
1 6 5 1.01575
1 6 6 1.0159
1 7 0 1.01569
1 7 1 1.01558
1 7 2 1.01557
1 7 3 1.0156
1 7 4 1.01557
1 7 5 1.01558
1 7 6 1.01569
1 8 0 1.01569
1 8 1 1.01558
1 8 2 1.01557
1 8 3 1.0156
1 8 4 1.01557
1 8 5 1.01558
1 8 6 1.01569
1 9 0 1.0159
1 9 1 1.01575
1 9 2 1.01575
1 9 3 1.01592
1 9 4 1.01575
1 9 5 1.01575
1 9 6 1.0159
1 10 0 1.01594
1 10 1 1.01576
1 10 2 1.01574
1 10 3 1.01586
1 10 4 1.01574
1 10 5 1.01576
1 10 6 1.01594
1 11 0 1.01592
1 11 1 1.01581
1 11 2 1.01579
1 11 3 1.0159
1 11 4 1.01579
1 11 5 1.01581
1 11 6 1.01592
1 12 0 1.01565
1 12 1 1.01563
1 12 2 1.01562
1 12 3 1.01564
1 12 4 1.01562
1 12 5 1.01563
1 12 6 1.01565
1 13 0 1.01567
1 13 1 1.01567
1 13 2 1.01565
1 13 3 1.01568
1 13 4 1.01565
1 13 5 1.01567
1 13 6 1.01567
1 14 0 1.01594
1 14 1 1.01591
1 14 2 1.01592
1 14 3 1.01594
1 14 4 1.01592
1 14 5 1.01591
1 14 6 1.01594
1 15 0 0.98414
1 15 1 0.98414
1 15 2 0.98414
1 15 3 0.98414
1 15 4 0.98414
1 15 5 0.98414
1 15 6 0.98414
2 0 0 1.00197
2 0 1 1.00197
2 0 2 1.00197
2 0 3 1.00197
2 0 4 1.00197
2 0 5 1.00197
2 0 6 1.00197
2 1 0 1.03066
2 1 1 1.03066
2 1 2 1.03065
2 1 3 1.03065
2 1 4 1.03065
2 1 5 1.03066
2 1 6 1.03066
2 2 0 1.03065
2 2 1 1.03056
2 2 2 1.03056
2 2 3 1.03079
2 2 4 1.03056
2 2 5 1.03056
2 2 6 1.03065
2 3 0 1.03035
2 3 1 1.03034
2 3 2 1.03033
2 3 3 1.03038
2 3 4 1.03033
2 3 5 1.03034
2 3 6 1.03035
2 4 0 1.02988
2 4 1 1.03003
2 4 2 1.03004
2 4 3 1.02992
2 4 4 1.03004
2 4 5 1.03003
2 4 6 1.02988
2 5 0 1.0303
2 5 1 1.0305
2 5 2 1.03045
2 5 3 1.03031
2 5 4 1.03045
2 5 5 1.0305
2 5 6 1.0303
2 6 0 1.03019
2 6 1 1.03035
2 6 2 1.03034
2 6 3 1.03023
2 6 4 1.03034
2 6 5 1.03035
2 6 6 1.03019
2 7 0 1.0304
2 7 1 1.03045
2 7 2 1.03043
2 7 3 1.0304
2 7 4 1.03043
2 7 5 1.03045
2 7 6 1.0304
2 8 0 1.0304
2 8 1 1.03045
2 8 2 1.03043
2 8 3 1.0304
2 8 4 1.03043
2 8 5 1.03045
2 8 6 1.0304
2 9 0 1.03019
2 9 1 1.03035
2 9 2 1.03034
2 9 3 1.03023
2 9 4 1.03034
2 9 5 1.03035
2 9 6 1.03019
2 10 0 1.0303
2 10 1 1.0305
2 10 2 1.03045
2 10 3 1.03031
2 10 4 1.03045
2 10 5 1.0305
2 10 6 1.0303
2 11 0 1.02988
2 11 1 1.03003
2 11 2 1.03004
2 11 3 1.02992
2 11 4 1.03004
2 11 5 1.03003
2 11 6 1.02988
2 12 0 1.03035
2 12 1 1.03034
2 12 2 1.03033
2 12 3 1.03038
2 12 4 1.03033
2 12 5 1.03034
2 12 6 1.03035
2 13 0 1.03065
2 13 1 1.03056
2 13 2 1.03056
2 13 3 1.03079
2 13 4 1.03056
2 13 5 1.03056
2 13 6 1.03065
2 14 0 1.03066
2 14 1 1.03066
2 14 2 1.03065
2 14 3 1.03065
2 14 4 1.03065
2 14 5 1.03066
2 14 6 1.03066
2 15 0 1.00197
2 15 1 1.00197
2 15 2 1.00197
2 15 3 1.00197
2 15 4 1.00197
2 15 5 1.00197
2 15 6 1.00197
3 0 0 1.00837
3 0 1 1.00837
3 0 2 1.00837
3 0 3 1.00837
3 0 4 1.00837
3 0 5 1.00837
3 0 6 1.00837
3 1 0 1.02472
3 1 1 1.02471
3 1 2 1.02472
3 1 3 1.02472
3 1 4 1.02472
3 1 5 1.02471
3 1 6 1.02472
3 2 0 1.02509
3 2 1 1.02517
3 2 2 1.02518
3 2 3 1.0251
3 2 4 1.02518
3 2 5 1.02517
3 2 6 1.02509
3 3 0 1.02462
3 3 1 1.02477
3 3 2 1.02476
3 3 3 1.02463
3 3 4 1.02476
3 3 5 1.02477
3 3 6 1.02462
3 4 0 1.02364
3 4 1 1.02364
3 4 2 1.02364
3 4 3 1.0236
3 4 4 1.02364
3 4 5 1.02364
3 4 6 1.02364
3 5 0 1.02471
3 5 1 1.02475
3 5 2 1.02475
3 5 3 1.02465
3 5 4 1.02475
3 5 5 1.02475
3 5 6 1.02471
3 6 0 1.02443
3 6 1 1.02471
3 6 2 1.02472
3 6 3 1.02438
3 6 4 1.02472
3 6 5 1.02471
3 6 6 1.02443
3 7 0 1.02429
3 7 1 1.02469
3 7 2 1.02469
3 7 3 1.02437
3 7 4 1.02469
3 7 5 1.02469
3 7 6 1.02429
3 8 0 1.02429
3 8 1 1.02469
3 8 2 1.02469
3 8 3 1.02437
3 8 4 1.02469
3 8 5 1.02469
3 8 6 1.02429
3 9 0 1.02443
3 9 1 1.02471
3 9 2 1.02472
3 9 3 1.02438
3 9 4 1.02472
3 9 5 1.02471
3 9 6 1.02443
3 10 0 1.02471
3 10 1 1.02475
3 10 2 1.02475
3 10 3 1.02465
3 10 4 1.02475
3 10 5 1.02475
3 10 6 1.02471
3 11 0 1.02364
3 11 1 1.02364
3 11 2 1.02364
3 11 3 1.0236
3 11 4 1.02364
3 11 5 1.02364
3 11 6 1.02364
3 12 0 1.02462
3 12 1 1.02477
3 12 2 1.02476
3 12 3 1.02463
3 12 4 1.02476
3 12 5 1.02477
3 12 6 1.02462
3 13 0 1.02509
3 13 1 1.02517
3 13 2 1.02518
3 13 3 1.0251
3 13 4 1.02518
3 13 5 1.02517
3 13 6 1.02509
3 14 0 1.02472
3 14 1 1.02471
3 14 2 1.02472
3 14 3 1.02472
3 14 4 1.02472
3 14 5 1.02471
3 14 6 1.02472
3 15 0 1.00837
3 15 1 1.00837
3 15 2 1.00837
3 15 3 1.00837
3 15 4 1.00837
3 15 5 1.00837
3 15 6 1.00837
4 0 0 1.00389
4 0 1 1.00389
4 0 2 1.00389
4 0 3 1.00389
4 0 4 1.00389
4 0 5 1.00389
4 0 6 1.00389
4 1 0 1.00826
4 1 1 1.00823
4 1 2 1.00823
4 1 3 1.00823
4 1 4 1.00823
4 1 5 1.00823
4 1 6 1.00826
4 2 0 1.00982
4 2 1 1.01027
4 2 2 1.01027
4 2 3 1.00961
4 2 4 1.01027
4 2 5 1.01027
4 2 6 1.00982
4 3 0 1.00839
4 3 1 1.00841
4 3 2 1.00841
4 3 3 1.00828
4 3 4 1.00841
4 3 5 1.00841
4 3 6 1.00839
4 4 0 1.00819
4 4 1 1.00841
4 4 2 1.00839
4 4 3 1.00812
4 4 4 1.00839
4 4 5 1.00841
4 4 6 1.00819
4 5 0 1.00788
4 5 1 1.00856
4 5 2 1.00855
4 5 3 1.00798
4 5 4 1.00855
4 5 5 1.00856
4 5 6 1.00788
4 6 0 1.00805
4 6 1 1.00845
4 6 2 1.00846
4 6 3 1.00806
4 6 4 1.00846
4 6 5 1.00845
4 6 6 1.00805
4 7 0 1.00818
4 7 1 1.00845
4 7 2 1.00845
4 7 3 1.00804
4 7 4 1.00845
4 7 5 1.00845
4 7 6 1.00818
4 8 0 1.00818
4 8 1 1.00845
4 8 2 1.00845
4 8 3 1.00804
4 8 4 1.00845
4 8 5 1.00845
4 8 6 1.00818
4 9 0 1.00805
4 9 1 1.00845
4 9 2 1.00846
4 9 3 1.00806
4 9 4 1.00846
4 9 5 1.00845
4 9 6 1.00805
4 10 0 1.00788
4 10 1 1.00856
4 10 2 1.00855
4 10 3 1.00798
4 10 4 1.00855
4 10 5 1.00856
4 10 6 1.00788
4 11 0 1.00819
4 11 1 1.00841
4 11 2 1.00839
4 11 3 1.00812
4 11 4 1.00839
4 11 5 1.00841
4 11 6 1.00819
4 12 0 1.00839
4 12 1 1.00841
4 12 2 1.00841
4 12 3 1.00828
4 12 4 1.00841
4 12 5 1.00841
4 12 6 1.00839
4 13 0 1.00982
4 13 1 1.01027
4 13 2 1.01027
4 13 3 1.00961
4 13 4 1.01027
4 13 5 1.01027
4 13 6 1.00982
4 14 0 1.00826
4 14 1 1.00823
4 14 2 1.00823
4 14 3 1.00823
4 14 4 1.00823
4 14 5 1.00823
4 14 6 1.00826
4 15 0 1.00389
4 15 1 1.00389
4 15 2 1.00389
4 15 3 1.00389
4 15 4 1.00389
4 15 5 1.00389
4 15 6 1.00389
5 0 0 1.00084
5 0 1 1.00084
5 0 2 1.00084
5 0 3 1.00084
5 0 4 1.00084
5 0 5 1.00084
5 0 6 1.00084
5 1 0 1.00099
5 1 1 1.001
5 1 2 1.001
5 1 3 1.00099
5 1 4 1.001
5 1 5 1.001
5 1 6 1.00099
5 2 0 1.00112
5 2 1 1.00103
5 2 2 1.00105
5 2 3 1.00104
5 2 4 1.00105
5 2 5 1.00103
5 2 6 1.00112
5 3 0 1.00103
5 3 1 1.00104
5 3 2 1.00104
5 3 3 1.001
5 3 4 1.00104
5 3 5 1.00104
5 3 6 1.00103
5 4 0 1.00095
5 4 1 1.00106
5 4 2 1.00106
5 4 3 1.00091
5 4 4 1.00106
5 4 5 1.00106
5 4 6 1.00095
5 5 0 1.00088
5 5 1 1.00092
5 5 2 1.00092
5 5 3 1.00087
5 5 4 1.00092
5 5 5 1.00092
5 5 6 1.00088
5 6 0 1.00083
5 6 1 1.00094
5 6 2 1.00094
5 6 3 1.00082
5 6 4 1.00094
5 6 5 1.00094
5 6 6 1.00083
5 7 0 1.00097
5 7 1 1.00112
5 7 2 1.00112
5 7 3 1.00102
5 7 4 1.00112
5 7 5 1.00112
5 7 6 1.00097
5 8 0 1.00097
5 8 1 1.00112
5 8 2 1.00112
5 8 3 1.00102
5 8 4 1.00112
5 8 5 1.00112
5 8 6 1.00097
5 9 0 1.00083
5 9 1 1.00094
5 9 2 1.00094
5 9 3 1.00082
5 9 4 1.00094
5 9 5 1.00094
5 9 6 1.00083
5 10 0 1.00088
5 10 1 1.00092
5 10 2 1.00092
5 10 3 1.00087
5 10 4 1.00092
5 10 5 1.00092
5 10 6 1.00088
5 11 0 1.00095
5 11 1 1.00106
5 11 2 1.00106
5 11 3 1.00091
5 11 4 1.00106
5 11 5 1.00106
5 11 6 1.00095
5 12 0 1.00103
5 12 1 1.00104
5 12 2 1.00104
5 12 3 1.001
5 12 4 1.00104
5 12 5 1.00104
5 12 6 1.00103
5 13 0 1.00112
5 13 1 1.00103
5 13 2 1.00105
5 13 3 1.00104
5 13 4 1.00105
5 13 5 1.00103
5 13 6 1.00112
5 14 0 1.00099
5 14 1 1.001
5 14 2 1.001
5 14 3 1.00099
5 14 4 1.001
5 14 5 1.001
5 14 6 1.00099
5 15 0 1.00084
5 15 1 1.00084
5 15 2 1.00084
5 15 3 1.00084
5 15 4 1.00084
5 15 5 1.00084
5 15 6 1.00084
6 0 0 0.999744
6 0 1 0.999744
6 0 2 0.999744
6 0 3 0.999744
6 0 4 0.999744
6 0 5 0.999744
6 0 6 0.999744
6 1 0 0.999487
6 1 1 0.999488
6 1 2 0.999488
6 1 3 0.999487
6 1 4 0.999488
6 1 5 0.999488
6 1 6 0.999487
6 2 0 0.99931
6 2 1 0.999325
6 2 2 0.999325
6 2 3 0.999305
6 2 4 0.999325
6 2 5 0.999325
6 2 6 0.99931
6 3 0 0.999487
6 3 1 0.99951
6 3 2 0.99951
6 3 3 0.999446
6 3 4 0.99951
6 3 5 0.99951
6 3 6 0.999487
6 4 0 0.999437
6 4 1 0.999459
6 4 2 0.999459
6 4 3 0.999435
6 4 4 0.999459
6 4 5 0.999459
6 4 6 0.999437
6 5 0 0.999363
6 5 1 0.999408
6 5 2 0.999408
6 5 3 0.999364
6 5 4 0.999408
6 5 5 0.999408
6 5 6 0.999363
6 6 0 0.999359
6 6 1 0.999442
6 6 2 0.999442
6 6 3 0.999362
6 6 4 0.999442
6 6 5 0.999442
6 6 6 0.999359
6 7 0 0.9994
6 7 1 0.999466
6 7 2 0.999466
6 7 3 0.999405
6 7 4 0.999466
6 7 5 0.999466
6 7 6 0.9994
6 8 0 0.9994
6 8 1 0.999466
6 8 2 0.999466
6 8 3 0.999405
6 8 4 0.999466
6 8 5 0.999466
6 8 6 0.9994
6 9 0 0.999359
6 9 1 0.999442
6 9 2 0.999442
6 9 3 0.999362
6 9 4 0.999442
6 9 5 0.999442
6 9 6 0.999359
6 10 0 0.999363
6 10 1 0.999408
6 10 2 0.999408
6 10 3 0.999364
6 10 4 0.999408
6 10 5 0.999408
6 10 6 0.999363
6 11 0 0.999437
6 11 1 0.999459
6 11 2 0.999459
6 11 3 0.999435
6 11 4 0.999459
6 11 5 0.999459
6 11 6 0.999437
6 12 0 0.999487
6 12 1 0.99951
6 12 2 0.99951
6 12 3 0.999446
6 12 4 0.99951
6 12 5 0.99951
6 12 6 0.999487
6 13 0 0.99931
6 13 1 0.999325
6 13 2 0.999325
6 13 3 0.999305
6 13 4 0.999325
6 13 5 0.999325
6 13 6 0.99931
6 14 0 0.999487
6 14 1 0.999488
6 14 2 0.999488
6 14 3 0.999487
6 14 4 0.999488
6 14 5 0.999488
6 14 6 0.999487
6 15 0 0.999744
6 15 1 0.999744
6 15 2 0.999744
6 15 3 0.999744
6 15 4 0.999744
6 15 5 0.999744
6 15 6 0.999744
7 0 0 0.999417
7 0 1 0.999417
7 0 2 0.999417
7 0 3 0.999417
7 0 4 0.999417
7 0 5 0.999417
7 0 6 0.999417
7 1 0 0.999325
7 1 1 0.999328
7 1 2 0.999328
7 1 3 0.999326
7 1 4 0.999328
7 1 5 0.999328
7 1 6 0.999325
7 2 0 0.999276
7 2 1 0.999278
7 2 2 0.999278
7 2 3 0.999275
7 2 4 0.999278
7 2 5 0.999278
7 2 6 0.999276
7 3 0 0.999316
7 3 1 0.999322
7 3 2 0.999322
7 3 3 0.999315
7 3 4 0.999322
7 3 5 0.999322
7 3 6 0.999316
7 4 0 0.999322
7 4 1 0.999327
7 4 2 0.999327
7 4 3 0.999322
7 4 4 0.999327
7 4 5 0.999327
7 4 6 0.999322
7 5 0 0.999309
7 5 1 0.999314
7 5 2 0.999314
7 5 3 0.999309
7 5 4 0.999314
7 5 5 0.999314
7 5 6 0.999309
7 6 0 0.999316
7 6 1 0.999316
7 6 2 0.999316
7 6 3 0.999316
7 6 4 0.999316
7 6 5 0.999316
7 6 6 0.999316
7 7 0 0.999313
7 7 1 0.999311
7 7 2 0.999311
7 7 3 0.999314
7 7 4 0.999311
7 7 5 0.999311
7 7 6 0.999313
7 8 0 0.999313
7 8 1 0.999311
7 8 2 0.999311
7 8 3 0.999314
7 8 4 0.999311
7 8 5 0.999311
7 8 6 0.999313
7 9 0 0.999316
7 9 1 0.999316
7 9 2 0.999316
7 9 3 0.999316
7 9 4 0.999316
7 9 5 0.999316
7 9 6 0.999316
7 10 0 0.999309
7 10 1 0.999314
7 10 2 0.999314
7 10 3 0.999309
7 10 4 0.999314
7 10 5 0.999314
7 10 6 0.999309
7 11 0 0.999322
7 11 1 0.999327
7 11 2 0.999327
7 11 3 0.999322
7 11 4 0.999327
7 11 5 0.999327
7 11 6 0.999322
7 12 0 0.999316
7 12 1 0.999322
7 12 2 0.999322
7 12 3 0.999315
7 12 4 0.999322
7 12 5 0.999322
7 12 6 0.999316
7 13 0 0.999276
7 13 1 0.999278
7 13 2 0.999278
7 13 3 0.999275
7 13 4 0.999278
7 13 5 0.999278
7 13 6 0.999276
7 14 0 0.999325
7 14 1 0.999328
7 14 2 0.999328
7 14 3 0.999326
7 14 4 0.999328
7 14 5 0.999328
7 14 6 0.999325
7 15 0 0.999417
7 15 1 0.999417
7 15 2 0.999417
7 15 3 0.999417
7 15 4 0.999417
7 15 5 0.999417
7 15 6 0.999417
8 0 0 0.99936
8 0 1 0.99936
8 0 2 0.99936
8 0 3 0.99936
8 0 4 0.99936
8 0 5 0.99936
8 0 6 0.99936
8 1 0 0.999338
8 1 1 0.999338
8 1 2 0.999338
8 1 3 0.999338
8 1 4 0.999338
8 1 5 0.999338
8 1 6 0.999338
8 2 0 0.999328
8 2 1 0.999329
8 2 2 0.999329
8 2 3 0.999328
8 2 4 0.999329
8 2 5 0.999329
8 2 6 0.999328
8 3 0 0.999337
8 3 1 0.999338
8 3 2 0.999338
8 3 3 0.999337
8 3 4 0.999338
8 3 5 0.999338
8 3 6 0.999337
8 4 0 0.999338
8 4 1 0.999339
8 4 2 0.999339
8 4 3 0.999338
8 4 4 0.999339
8 4 5 0.999339
8 4 6 0.999338
8 5 0 0.999335
8 5 1 0.999335
8 5 2 0.999335
8 5 3 0.999335
8 5 4 0.999335
8 5 5 0.999335
8 5 6 0.999335
8 6 0 0.999337
8 6 1 0.999336
8 6 2 0.999336
8 6 3 0.999337
8 6 4 0.999336
8 6 5 0.999336
8 6 6 0.999337
8 7 0 0.999336
8 7 1 0.999334
8 7 2 0.999334
8 7 3 0.999336
8 7 4 0.999334
8 7 5 0.999334
8 7 6 0.999336
8 8 0 0.999336
8 8 1 0.999334
8 8 2 0.999334
8 8 3 0.999336
8 8 4 0.999334
8 8 5 0.999334
8 8 6 0.999336
8 9 0 0.999337
8 9 1 0.999336
8 9 2 0.999336
8 9 3 0.999337
8 9 4 0.999336
8 9 5 0.999336
8 9 6 0.999337
8 10 0 0.999335
8 10 1 0.999335
8 10 2 0.999335
8 10 3 0.999335
8 10 4 0.999335
8 10 5 0.999335
8 10 6 0.999335
8 11 0 0.999338
8 11 1 0.999339
8 11 2 0.999339
8 11 3 0.999338
8 11 4 0.999339
8 11 5 0.999339
8 11 6 0.999338
8 12 0 0.999337
8 12 1 0.999338
8 12 2 0.999338
8 12 3 0.999337
8 12 4 0.999338
8 12 5 0.999338
8 12 6 0.999337
8 13 0 0.999328
8 13 1 0.999329
8 13 2 0.999329
8 13 3 0.999328
8 13 4 0.999329
8 13 5 0.999329
8 13 6 0.999328
8 14 0 0.999338
8 14 1 0.999338
8 14 2 0.999338
8 14 3 0.999338
8 14 4 0.999338
8 14 5 0.999338
8 14 6 0.999338
8 15 0 0.99936
8 15 1 0.99936
8 15 2 0.99936
8 15 3 0.99936
8 15 4 0.99936
8 15 5 0.99936
8 15 6 0.99936
9 0 0 0.999349
9 0 1 0.999349
9 0 2 0.999349
9 0 3 0.999349
9 0 4 0.999349
9 0 5 0.999349
9 0 6 0.999349
9 1 0 0.999344
9 1 1 0.999344
9 1 2 0.999344
9 1 3 0.999344
9 1 4 0.999344
9 1 5 0.999344
9 1 6 0.999344
9 2 0 0.999342
9 2 1 0.999342
9 2 2 0.999342
9 2 3 0.999342
9 2 4 0.999342
9 2 5 0.999342
9 2 6 0.999342
9 3 0 0.999344
9 3 1 0.999344
9 3 2 0.999344
9 3 3 0.999344
9 3 4 0.999344
9 3 5 0.999344
9 3 6 0.999344
9 4 0 0.999344
9 4 1 0.999344
9 4 2 0.999344
9 4 3 0.999344
9 4 4 0.999344
9 4 5 0.999344
9 4 6 0.999344
9 5 0 0.999343
9 5 1 0.999343
9 5 2 0.999343
9 5 3 0.999343
9 5 4 0.999343
9 5 5 0.999343
9 5 6 0.999343
9 6 0 0.999344
9 6 1 0.999343
9 6 2 0.999343
9 6 3 0.999344
9 6 4 0.999343
9 6 5 0.999343
9 6 6 0.999344
9 7 0 0.999344
9 7 1 0.999343
9 7 2 0.999343
9 7 3 0.999344
9 7 4 0.999343
9 7 5 0.999343
9 7 6 0.999344
9 8 0 0.999344
9 8 1 0.999343
9 8 2 0.999343
9 8 3 0.999344
9 8 4 0.999343
9 8 5 0.999343
9 8 6 0.999344
9 9 0 0.999344
9 9 1 0.999343
9 9 2 0.999343
9 9 3 0.999344
9 9 4 0.999343
9 9 5 0.999343
9 9 6 0.999344
9 10 0 0.999343
9 10 1 0.999343
9 10 2 0.999343
9 10 3 0.999343
9 10 4 0.999343
9 10 5 0.999343
9 10 6 0.999343
9 11 0 0.999344
9 11 1 0.999344
9 11 2 0.999344
9 11 3 0.999344
9 11 4 0.999344
9 11 5 0.999344
9 11 6 0.999344
9 12 0 0.999344
9 12 1 0.999344
9 12 2 0.999344
9 12 3 0.999344
9 12 4 0.999344
9 12 5 0.999344
9 12 6 0.999344
9 13 0 0.999342
9 13 1 0.999342
9 13 2 0.999342
9 13 3 0.999342
9 13 4 0.999342
9 13 5 0.999342
9 13 6 0.999342
9 14 0 0.999344
9 14 1 0.999344
9 14 2 0.999344
9 14 3 0.999344
9 14 4 0.999344
9 14 5 0.999344
9 14 6 0.999344
9 15 0 0.999349
9 15 1 0.999349
9 15 2 0.999349
9 15 3 0.999349
9 15 4 0.999349
9 15 5 0.999349
9 15 6 0.999349
10 0 0 0.999347
10 0 1 0.999347
10 0 2 0.999347
10 0 3 0.999347
10 0 4 0.999347
10 0 5 0.999347
10 0 6 0.999347
10 1 0 0.999345
10 1 1 0.999345
10 1 2 0.999345
10 1 3 0.999345
10 1 4 0.999345
10 1 5 0.999345
10 1 6 0.999345
10 2 0 0.999345
10 2 1 0.999345
10 2 2 0.999345
10 2 3 0.999345
10 2 4 0.999345
10 2 5 0.999345
10 2 6 0.999345
10 3 0 0.999346
10 3 1 0.999346
10 3 2 0.999346
10 3 3 0.999346
10 3 4 0.999346
10 3 5 0.999346
10 3 6 0.999346
10 4 0 0.999346
10 4 1 0.999345
10 4 2 0.999345
10 4 3 0.999346
10 4 4 0.999345
10 4 5 0.999345
10 4 6 0.999346
10 5 0 0.999345
10 5 1 0.999345
10 5 2 0.999345
10 5 3 0.999345
10 5 4 0.999345
10 5 5 0.999345
10 5 6 0.999345
10 6 0 0.999346
10 6 1 0.999345
10 6 2 0.999345
10 6 3 0.999346
10 6 4 0.999345
10 6 5 0.999345
10 6 6 0.999346
10 7 0 0.999345
10 7 1 0.999345
10 7 2 0.999345
10 7 3 0.999345
10 7 4 0.999345
10 7 5 0.999345
10 7 6 0.999345
10 8 0 0.999345
10 8 1 0.999345
10 8 2 0.999345
10 8 3 0.999345
10 8 4 0.999345
10 8 5 0.999345
10 8 6 0.999345
10 9 0 0.999346
10 9 1 0.999345
10 9 2 0.999345
10 9 3 0.999346
10 9 4 0.999345
10 9 5 0.999345
10 9 6 0.999346
10 10 0 0.999345
10 10 1 0.999345
10 10 2 0.999345
10 10 3 0.999345
10 10 4 0.999345
10 10 5 0.999345
10 10 6 0.999345
10 11 0 0.999346
10 11 1 0.999345
10 11 2 0.999345
10 11 3 0.999346
10 11 4 0.999345
10 11 5 0.999345
10 11 6 0.999346
10 12 0 0.999346
10 12 1 0.999346
10 12 2 0.999346
10 12 3 0.999346
10 12 4 0.999346
10 12 5 0.999346
10 12 6 0.999346
10 13 0 0.999345
10 13 1 0.999345
10 13 2 0.999345
10 13 3 0.999345
10 13 4 0.999345
10 13 5 0.999345
10 13 6 0.999345
10 14 0 0.999345
10 14 1 0.999345
10 14 2 0.999345
10 14 3 0.999345
10 14 4 0.999345
10 14 5 0.999345
10 14 6 0.999345
10 15 0 0.999347
10 15 1 0.999347
10 15 2 0.999347
10 15 3 0.999347
10 15 4 0.999347
10 15 5 0.999347
10 15 6 0.999347
11 0 0 0.999346
11 0 1 0.999346
11 0 2 0.999346
11 0 3 0.999346
11 0 4 0.999346
11 0 5 0.999346
11 0 6 0.999346
11 1 0 0.999346
11 1 1 0.999346
11 1 2 0.999346
11 1 3 0.999346
11 1 4 0.999346
11 1 5 0.999346
11 1 6 0.999346
11 2 0 0.999346
11 2 1 0.999346
11 2 2 0.999346
11 2 3 0.999346
11 2 4 0.999346
11 2 5 0.999346
11 2 6 0.999346
11 3 0 0.999346
11 3 1 0.999346
11 3 2 0.999346
11 3 3 0.999346
11 3 4 0.999346
11 3 5 0.999346
11 3 6 0.999346
11 4 0 0.999346
11 4 1 0.999346
11 4 2 0.999346
11 4 3 0.999346
11 4 4 0.999346
11 4 5 0.999346
11 4 6 0.999346
11 5 0 0.999346
11 5 1 0.999346
11 5 2 0.999346
11 5 3 0.999346
11 5 4 0.999346
11 5 5 0.999346
11 5 6 0.999346
11 6 0 0.999346
11 6 1 0.999346
11 6 2 0.999346
11 6 3 0.999346
11 6 4 0.999346
11 6 5 0.999346
11 6 6 0.999346
11 7 0 0.999346
11 7 1 0.999346
11 7 2 0.999346
11 7 3 0.999346
11 7 4 0.999346
11 7 5 0.999346
11 7 6 0.999346
11 8 0 0.999346
11 8 1 0.999346
11 8 2 0.999346
11 8 3 0.999346
11 8 4 0.999346
11 8 5 0.999346
11 8 6 0.999346
11 9 0 0.999346
11 9 1 0.999346
11 9 2 0.999346
11 9 3 0.999346
11 9 4 0.999346
11 9 5 0.999346
11 9 6 0.999346
11 10 0 0.999346
11 10 1 0.999346
11 10 2 0.999346
11 10 3 0.999346
11 10 4 0.999346
11 10 5 0.999346
11 10 6 0.999346
11 11 0 0.999346
11 11 1 0.999346
11 11 2 0.999346
11 11 3 0.999346
11 11 4 0.999346
11 11 5 0.999346
11 11 6 0.999346
11 12 0 0.999346
11 12 1 0.999346
11 12 2 0.999346
11 12 3 0.999346
11 12 4 0.999346
11 12 5 0.999346
11 12 6 0.999346
11 13 0 0.999346
11 13 1 0.999346
11 13 2 0.999346
11 13 3 0.999346
11 13 4 0.999346
11 13 5 0.999346
11 13 6 0.999346
11 14 0 0.999346
11 14 1 0.999346
11 14 2 0.999346
11 14 3 0.999346
11 14 4 0.999346
11 14 5 0.999346
11 14 6 0.999346
11 15 0 0.999346
11 15 1 0.999346
11 15 2 0.999346
11 15 3 0.999346
11 15 4 0.999346
11 15 5 0.999346
11 15 6 0.999346
12 0 0 0.999346
12 0 1 0.999346
12 0 2 0.999346
12 0 3 0.999346
12 0 4 0.999346
12 0 5 0.999346
12 0 6 0.999346
12 1 0 0.999346
12 1 1 0.999346
12 1 2 0.999346
12 1 3 0.999346
12 1 4 0.999346
12 1 5 0.999346
12 1 6 0.999346
12 2 0 0.999346
12 2 1 0.999346
12 2 2 0.999346
12 2 3 0.999346
12 2 4 0.999346
12 2 5 0.999346
12 2 6 0.999346
12 3 0 0.999346
12 3 1 0.999346
12 3 2 0.999346
12 3 3 0.999346
12 3 4 0.999346
12 3 5 0.999346
12 3 6 0.999346
12 4 0 0.999346
12 4 1 0.999346
12 4 2 0.999346
12 4 3 0.999346
12 4 4 0.999346
12 4 5 0.999346
12 4 6 0.999346
12 5 0 0.999346
12 5 1 0.999346
12 5 2 0.999346
12 5 3 0.999346
12 5 4 0.999346
12 5 5 0.999346
12 5 6 0.999346
12 6 0 0.999346
12 6 1 0.999346
12 6 2 0.999346
12 6 3 0.999346
12 6 4 0.999346
12 6 5 0.999346
12 6 6 0.999346
12 7 0 0.999346
12 7 1 0.999346
12 7 2 0.999346
12 7 3 0.999346
12 7 4 0.999346
12 7 5 0.999346
12 7 6 0.999346
12 8 0 0.999346
12 8 1 0.999346
12 8 2 0.999346
12 8 3 0.999346
12 8 4 0.999346
12 8 5 0.999346
12 8 6 0.999346
12 9 0 0.999346
12 9 1 0.999346
12 9 2 0.999346
12 9 3 0.999346
12 9 4 0.999346
12 9 5 0.999346
12 9 6 0.999346
12 10 0 0.999346
12 10 1 0.999346
12 10 2 0.999346
12 10 3 0.999346
12 10 4 0.999346
12 10 5 0.999346
12 10 6 0.999346
12 11 0 0.999346
12 11 1 0.999346
12 11 2 0.999346
12 11 3 0.999346
12 11 4 0.999346
12 11 5 0.999346
12 11 6 0.999346
12 12 0 0.999346
12 12 1 0.999346
12 12 2 0.999346
12 12 3 0.999346
12 12 4 0.999346
12 12 5 0.999346
12 12 6 0.999346
12 13 0 0.999346
12 13 1 0.999346
12 13 2 0.999346
12 13 3 0.999346
12 13 4 0.999346
12 13 5 0.999346
12 13 6 0.999346
12 14 0 0.999346
12 14 1 0.999346
12 14 2 0.999346
12 14 3 0.999346
12 14 4 0.999346
12 14 5 0.999346
12 14 6 0.999346
12 15 0 0.999346
12 15 1 0.999346
12 15 2 0.999346
12 15 3 0.999346
12 15 4 0.999346
12 15 5 0.999346
12 15 6 0.999346
13 0 0 0.999346
13 0 1 0.999346
13 0 2 0.999346
13 0 3 0.999346
13 0 4 0.999346
13 0 5 0.999346
13 0 6 0.999346
13 1 0 0.999346
13 1 1 0.999346
13 1 2 0.999346
13 1 3 0.999346
13 1 4 0.999346
13 1 5 0.999346
13 1 6 0.999346
13 2 0 0.999346
13 2 1 0.999346
13 2 2 0.999346
13 2 3 0.999346
13 2 4 0.999346
13 2 5 0.999346
13 2 6 0.999346
13 3 0 0.999346
13 3 1 0.999346
13 3 2 0.999346
13 3 3 0.999346
13 3 4 0.999346
13 3 5 0.999346
13 3 6 0.999346
13 4 0 0.999346
13 4 1 0.999346
13 4 2 0.999346
13 4 3 0.999346
13 4 4 0.999346
13 4 5 0.999346
13 4 6 0.999346
13 5 0 0.999346
13 5 1 0.999346
13 5 2 0.999346
13 5 3 0.999346
13 5 4 0.999346
13 5 5 0.999346
13 5 6 0.999346
13 6 0 0.999346
13 6 1 0.999346
13 6 2 0.999346
13 6 3 0.999346
13 6 4 0.999346
13 6 5 0.999346
13 6 6 0.999346
13 7 0 0.999346
13 7 1 0.999346
13 7 2 0.999346
13 7 3 0.999346
13 7 4 0.999346
13 7 5 0.999346
13 7 6 0.999346
13 8 0 0.999346
13 8 1 0.999346
13 8 2 0.999346
13 8 3 0.999346
13 8 4 0.999346
13 8 5 0.999346
13 8 6 0.999346
13 9 0 0.999346
13 9 1 0.999346
13 9 2 0.999346
13 9 3 0.999346
13 9 4 0.999346
13 9 5 0.999346
13 9 6 0.999346
13 10 0 0.999346
13 10 1 0.999346
13 10 2 0.999346
13 10 3 0.999346
13 10 4 0.999346
13 10 5 0.999346
13 10 6 0.999346
13 11 0 0.999346
13 11 1 0.999346
13 11 2 0.999346
13 11 3 0.999346
13 11 4 0.999346
13 11 5 0.999346
13 11 6 0.999346
13 12 0 0.999346
13 12 1 0.999346
13 12 2 0.999346
13 12 3 0.999346
13 12 4 0.999346
13 12 5 0.999346
13 12 6 0.999346
13 13 0 0.999346
13 13 1 0.999346
13 13 2 0.999346
13 13 3 0.999346
13 13 4 0.999346
13 13 5 0.999346
13 13 6 0.999346
13 14 0 0.999346
13 14 1 0.999346
13 14 2 0.999346
13 14 3 0.999346
13 14 4 0.999346
13 14 5 0.999346
13 14 6 0.999346
13 15 0 0.999346
13 15 1 0.999346
13 15 2 0.999346
13 15 3 0.999346
13 15 4 0.999346
13 15 5 0.999346
13 15 6 0.999346
14 0 0 0.999346
14 0 1 0.999346
14 0 2 0.999346
14 0 3 0.999346
14 0 4 0.999346
14 0 5 0.999346
14 0 6 0.999346
14 1 0 0.999346
14 1 1 0.999346
14 1 2 0.999346
14 1 3 0.999346
14 1 4 0.999346
14 1 5 0.999346
14 1 6 0.999346
14 2 0 0.999346
14 2 1 0.999346
14 2 2 0.999346
14 2 3 0.999346
14 2 4 0.999346
14 2 5 0.999346
14 2 6 0.999346
14 3 0 0.999346
14 3 1 0.999346
14 3 2 0.999346
14 3 3 0.999346
14 3 4 0.999346
14 3 5 0.999346
14 3 6 0.999346
14 4 0 0.999346
14 4 1 0.999346
14 4 2 0.999346
14 4 3 0.999346
14 4 4 0.999346
14 4 5 0.999346
14 4 6 0.999346
14 5 0 0.999346
14 5 1 0.999346
14 5 2 0.999346
14 5 3 0.999346
14 5 4 0.999346
14 5 5 0.999346
14 5 6 0.999346
14 6 0 0.999346
14 6 1 0.999346
14 6 2 0.999346
14 6 3 0.999346
14 6 4 0.999346
14 6 5 0.999346
14 6 6 0.999346
14 7 0 0.999346
14 7 1 0.999346
14 7 2 0.999346
14 7 3 0.999346
14 7 4 0.999346
14 7 5 0.999346
14 7 6 0.999346
14 8 0 0.999346
14 8 1 0.999346
14 8 2 0.999346
14 8 3 0.999346
14 8 4 0.999346
14 8 5 0.999346
14 8 6 0.999346
14 9 0 0.999346
14 9 1 0.999346
14 9 2 0.999346
14 9 3 0.999346
14 9 4 0.999346
14 9 5 0.999346
14 9 6 0.999346
14 10 0 0.999346
14 10 1 0.999346
14 10 2 0.999346
14 10 3 0.999346
14 10 4 0.999346
14 10 5 0.999346
14 10 6 0.999346
14 11 0 0.999346
14 11 1 0.999346
14 11 2 0.999346
14 11 3 0.999346
14 11 4 0.999346
14 11 5 0.999346
14 11 6 0.999346
14 12 0 0.999346
14 12 1 0.999346
14 12 2 0.999346
14 12 3 0.999346
14 12 4 0.999346
14 12 5 0.999346
14 12 6 0.999346
14 13 0 0.999346
14 13 1 0.999346
14 13 2 0.999346
14 13 3 0.999346
14 13 4 0.999346
14 13 5 0.999346
14 13 6 0.999346
14 14 0 0.999346
14 14 1 0.999346
14 14 2 0.999346
14 14 3 0.999346
14 14 4 0.999346
14 14 5 0.999346
14 14 6 0.999346
14 15 0 0.999346
14 15 1 0.999346
14 15 2 0.999346
14 15 3 0.999346
14 15 4 0.999346
14 15 5 0.999346
14 15 6 0.999346
15 0 0 0.999346
15 0 1 0.999346
15 0 2 0.999346
15 0 3 0.999346
15 0 4 0.999346
15 0 5 0.999346
15 0 6 0.999346
15 1 0 0.999346
15 1 1 0.999346
15 1 2 0.999346
15 1 3 0.999346
15 1 4 0.999346
15 1 5 0.999346
15 1 6 0.999346
15 2 0 0.999346
15 2 1 0.999346
15 2 2 0.999346
15 2 3 0.999346
15 2 4 0.999346
15 2 5 0.999346
15 2 6 0.999346
15 3 0 0.999346
15 3 1 0.999346
15 3 2 0.999346
15 3 3 0.999346
15 3 4 0.999346
15 3 5 0.999346
15 3 6 0.999346
15 4 0 0.999346
15 4 1 0.999346
15 4 2 0.999346
15 4 3 0.999346
15 4 4 0.999346
15 4 5 0.999346
15 4 6 0.999346
15 5 0 0.999346
15 5 1 0.999346
15 5 2 0.999346
15 5 3 0.999346
15 5 4 0.999346
15 5 5 0.999346
15 5 6 0.999346
15 6 0 0.999346
15 6 1 0.999346
15 6 2 0.999346
15 6 3 0.999346
15 6 4 0.999346
15 6 5 0.999346
15 6 6 0.999346
15 7 0 0.999346
15 7 1 0.999346
15 7 2 0.999346
15 7 3 0.999346
15 7 4 0.999346
15 7 5 0.999346
15 7 6 0.999346
15 8 0 0.999346
15 8 1 0.999346
15 8 2 0.999346
15 8 3 0.999346
15 8 4 0.999346
15 8 5 0.999346
15 8 6 0.999346
15 9 0 0.999346
15 9 1 0.999346
15 9 2 0.999346
15 9 3 0.999346
15 9 4 0.999346
15 9 5 0.999346
15 9 6 0.999346
15 10 0 0.999346
15 10 1 0.999346
15 10 2 0.999346
15 10 3 0.999346
15 10 4 0.999346
15 10 5 0.999346
15 10 6 0.999346
15 11 0 0.999346
15 11 1 0.999346
15 11 2 0.999346
15 11 3 0.999346
15 11 4 0.999346
15 11 5 0.999346
15 11 6 0.999346
15 12 0 0.999346
15 12 1 0.999346
15 12 2 0.999346
15 12 3 0.999346
15 12 4 0.999346
15 12 5 0.999346
15 12 6 0.999346
15 13 0 0.999346
15 13 1 0.999346
15 13 2 0.999346
15 13 3 0.999346
15 13 4 0.999346
15 13 5 0.999346
15 13 6 0.999346
15 14 0 0.999346
15 14 1 0.999346
15 14 2 0.999346
15 14 3 0.999346
15 14 4 0.999346
15 14 5 0.999346
15 14 6 0.999346
15 15 0 0.999346
15 15 1 0.999346
15 15 2 0.999346
15 15 3 0.999346
15 15 4 0.999346
15 15 5 0.999346
15 15 6 0.999346
Cleaning up correlator class object
