Initializing Object for correlated glauber
Constructing grids
Constructing correlation grid...
Construct Matrix of the functions...
Entering iteration 0
Constructing Jacobian....
Solving for step... 441
Doing linesearch...
Entering iteration 1
Constructing Jacobian....
Solving for step... 441
Doing linesearch...
Convergence reached on function values 
2.43234e-15


Constructing correlation grid...
Construct Matrix of the functions...
Entering iteration 0
Constructing Jacobian....
Solving for step... 441
Doing linesearch...
Entering iteration 1
Constructing Jacobian....
Solving for step... 441
Doing linesearch...
Convergence reached on function values 
2.30687e-15


Constructing correlation grid...
Construct Matrix of the functions...
Entering iteration 0
Constructing Jacobian....
Solving for step... 441
Doing linesearch...
Entering iteration 1
Constructing Jacobian....
Solving for step... 441
Doing linesearch...
Convergence reached on function values 
2.56411e-15


Writing grids to file :/home/wim/Code/share/input/CorrGrid.C.tot.21.21.dat
0 0 0 1.00257
0 0 1 1.00257
0 0 2 1.00257
0 0 3 1.00257
0 0 4 1.00257
0 0 5 1.00257
0 0 6 1.00257
0 1 0 1.00257
0 1 1 1.00257
0 1 2 1.00257
0 1 3 1.00257
0 1 4 1.00257
0 1 5 1.00257
0 1 6 1.00257
0 2 0 1.00257
0 2 1 1.00257
0 2 2 1.00257
0 2 3 1.00257
0 2 4 1.00257
0 2 5 1.00257
0 2 6 1.00257
0 3 0 1.00257
0 3 1 1.00257
0 3 2 1.00257
0 3 3 1.00257
0 3 4 1.00257
0 3 5 1.00257
0 3 6 1.00257
0 4 0 1.00257
0 4 1 1.00257
0 4 2 1.00257
0 4 3 1.00257
0 4 4 1.00257
0 4 5 1.00257
0 4 6 1.00257
0 5 0 1.00257
0 5 1 1.00257
0 5 2 1.00257
0 5 3 1.00257
0 5 4 1.00257
0 5 5 1.00257
0 5 6 1.00257
0 6 0 1.00257
0 6 1 1.00257
0 6 2 1.00257
0 6 3 1.00257
0 6 4 1.00257
0 6 5 1.00257
0 6 6 1.00257
0 7 0 1.00257
0 7 1 1.00257
0 7 2 1.00257
0 7 3 1.00257
0 7 4 1.00257
0 7 5 1.00257
0 7 6 1.00257
0 8 0 1.00257
0 8 1 1.00257
0 8 2 1.00257
0 8 3 1.00257
0 8 4 1.00257
0 8 5 1.00257
0 8 6 1.00257
0 9 0 1.00257
0 9 1 1.00257
0 9 2 1.00257
0 9 3 1.00257
0 9 4 1.00257
0 9 5 1.00257
0 9 6 1.00257
0 10 0 1.00257
0 10 1 1.00257
0 10 2 1.00257
0 10 3 1.00257
0 10 4 1.00257
0 10 5 1.00257
0 10 6 1.00257
0 11 0 1.00257
0 11 1 1.00257
0 11 2 1.00257
0 11 3 1.00257
0 11 4 1.00257
0 11 5 1.00257
0 11 6 1.00257
0 12 0 1.00257
0 12 1 1.00257
0 12 2 1.00257
0 12 3 1.00257
0 12 4 1.00257
0 12 5 1.00257
0 12 6 1.00257
0 13 0 1.00257
0 13 1 1.00257
0 13 2 1.00257
0 13 3 1.00257
0 13 4 1.00257
0 13 5 1.00257
0 13 6 1.00257
0 14 0 1.00257
0 14 1 1.00257
0 14 2 1.00257
0 14 3 1.00257
0 14 4 1.00257
0 14 5 1.00257
0 14 6 1.00257
0 15 0 1.00257
0 15 1 1.00257
0 15 2 1.00257
0 15 3 1.00257
0 15 4 1.00257
0 15 5 1.00257
0 15 6 1.00257
1 0 0 1.0016
1 0 1 1.0016
1 0 2 1.0016
1 0 3 1.0016
1 0 4 1.0016
1 0 5 1.0016
1 0 6 1.0016
1 1 0 1.00163
1 1 1 1.00161
1 1 2 1.00161
1 1 3 1.00162
1 1 4 1.00161
1 1 5 1.00161
1 1 6 1.00163
1 2 0 1.00163
1 2 1 1.00162
1 2 2 1.00161
1 2 3 1.00162
1 2 4 1.00161
1 2 5 1.00162
1 2 6 1.00163
1 3 0 1.00173
1 3 1 1.00171
1 3 2 1.00172
1 3 3 1.00173
1 3 4 1.00172
1 3 5 1.00171
1 3 6 1.00173
1 4 0 1.00184
1 4 1 1.00173
1 4 2 1.00171
1 4 3 1.0018
1 4 4 1.00171
1 4 5 1.00173
1 4 6 1.00184
1 5 0 1.0018
1 5 1 1.0017
1 5 2 1.0017
1 5 3 1.00181
1 5 4 1.0017
1 5 5 1.0017
1 5 6 1.0018
1 6 0 1.00177
1 6 1 1.00165
1 6 2 1.00166
1 6 3 1.00176
1 6 4 1.00166
1 6 5 1.00165
1 6 6 1.00177
1 7 0 1.00174
1 7 1 1.00166
1 7 2 1.00166
1 7 3 1.00176
1 7 4 1.00166
1 7 5 1.00166
1 7 6 1.00174
1 8 0 1.00174
1 8 1 1.00166
1 8 2 1.00166
1 8 3 1.00176
1 8 4 1.00166
1 8 5 1.00166
1 8 6 1.00174
1 9 0 1.00177
1 9 1 1.00165
1 9 2 1.00166
1 9 3 1.00176
1 9 4 1.00166
1 9 5 1.00165
1 9 6 1.00177
1 10 0 1.0018
1 10 1 1.0017
1 10 2 1.0017
1 10 3 1.00181
1 10 4 1.0017
1 10 5 1.0017
1 10 6 1.0018
1 11 0 1.00184
1 11 1 1.00173
1 11 2 1.00171
1 11 3 1.0018
1 11 4 1.00171
1 11 5 1.00173
1 11 6 1.00184
1 12 0 1.00173
1 12 1 1.00171
1 12 2 1.00172
1 12 3 1.00173
1 12 4 1.00172
1 12 5 1.00171
1 12 6 1.00173
1 13 0 1.00163
1 13 1 1.00162
1 13 2 1.00161
1 13 3 1.00162
1 13 4 1.00161
1 13 5 1.00162
1 13 6 1.00163
1 14 0 1.00163
1 14 1 1.00161
1 14 2 1.00161
1 14 3 1.00162
1 14 4 1.00161
1 14 5 1.00161
1 14 6 1.00163
1 15 0 1.0016
1 15 1 1.0016
1 15 2 1.0016
1 15 3 1.0016
1 15 4 1.0016
1 15 5 1.0016
1 15 6 1.0016
2 0 0 1.00116
2 0 1 1.00116
2 0 2 1.00116
2 0 3 1.00116
2 0 4 1.00116
2 0 5 1.00116
2 0 6 1.00116
2 1 0 1.00117
2 1 1 1.00116
2 1 2 1.00116
2 1 3 1.00117
2 1 4 1.00116
2 1 5 1.00116
2 1 6 1.00117
2 2 0 1.00163
2 2 1 1.00156
2 2 2 1.00154
2 2 3 1.00163
2 2 4 1.00154
2 2 5 1.00156
2 2 6 1.00163
2 3 0 1.00142
2 3 1 1.00147
2 3 2 1.00147
2 3 3 1.00147
2 3 4 1.00147
2 3 5 1.00147
2 3 6 1.00142
2 4 0 1.00056
2 4 1 1.00071
2 4 2 1.00068
2 4 3 1.00058
2 4 4 1.00068
2 4 5 1.00071
2 4 6 1.00056
2 5 0 1.00123
2 5 1 1.0014
2 5 2 1.00139
2 5 3 1.00123
2 5 4 1.00139
2 5 5 1.0014
2 5 6 1.00123
2 6 0 1.00129
2 6 1 1.0014
2 6 2 1.00139
2 6 3 1.00129
2 6 4 1.00139
2 6 5 1.0014
2 6 6 1.00129
2 7 0 1.0014
2 7 1 1.00143
2 7 2 1.00143
2 7 3 1.00138
2 7 4 1.00143
2 7 5 1.00143
2 7 6 1.0014
2 8 0 1.0014
2 8 1 1.00143
2 8 2 1.00143
2 8 3 1.00138
2 8 4 1.00143
2 8 5 1.00143
2 8 6 1.0014
2 9 0 1.00129
2 9 1 1.0014
2 9 2 1.00139
2 9 3 1.00129
2 9 4 1.00139
2 9 5 1.0014
2 9 6 1.00129
2 10 0 1.00123
2 10 1 1.0014
2 10 2 1.00139
2 10 3 1.00123
2 10 4 1.00139
2 10 5 1.0014
2 10 6 1.00123
2 11 0 1.00056
2 11 1 1.00071
2 11 2 1.00068
2 11 3 1.00058
2 11 4 1.00068
2 11 5 1.00071
2 11 6 1.00056
2 12 0 1.00142
2 12 1 1.00147
2 12 2 1.00147
2 12 3 1.00147
2 12 4 1.00147
2 12 5 1.00147
2 12 6 1.00142
2 13 0 1.00163
2 13 1 1.00156
2 13 2 1.00154
2 13 3 1.00163
2 13 4 1.00154
2 13 5 1.00156
2 13 6 1.00163
2 14 0 1.00117
2 14 1 1.00116
2 14 2 1.00116
2 14 3 1.00117
2 14 4 1.00116
2 14 5 1.00116
2 14 6 1.00117
2 15 0 1.00116
2 15 1 1.00116
2 15 2 1.00116
2 15 3 1.00116
2 15 4 1.00116
2 15 5 1.00116
2 15 6 1.00116
3 0 0 1.00152
3 0 1 1.00152
3 0 2 1.00152
3 0 3 1.00152
3 0 4 1.00152
3 0 5 1.00152
3 0 6 1.00152
3 1 0 1.00156
3 1 1 1.00156
3 1 2 1.00157
3 1 3 1.00155
3 1 4 1.00157
3 1 5 1.00156
3 1 6 1.00156
3 2 0 1.00211
3 2 1 1.00216
3 2 2 1.00215
3 2 3 1.0021
3 2 4 1.00215
3 2 5 1.00216
3 2 6 1.00211
3 3 0 1.00172
3 3 1 1.00189
3 3 2 1.0019
3 3 3 1.00173
3 3 4 1.0019
3 3 5 1.00189
3 3 6 1.00172
3 4 0 1.0017
3 4 1 1.00163
3 4 2 1.00164
3 4 3 1.00168
3 4 4 1.00164
3 4 5 1.00163
3 4 6 1.0017
3 5 0 1.00238
3 5 1 1.00244
3 5 2 1.00244
3 5 3 1.00234
3 5 4 1.00244
3 5 5 1.00244
3 5 6 1.00238
3 6 0 1.00269
3 6 1 1.00296
3 6 2 1.00294
3 6 3 1.00264
3 6 4 1.00294
3 6 5 1.00296
3 6 6 1.00269
3 7 0 1.00305
3 7 1 1.00338
3 7 2 1.00335
3 7 3 1.00302
3 7 4 1.00335
3 7 5 1.00338
3 7 6 1.00305
3 8 0 1.00305
3 8 1 1.00338
3 8 2 1.00335
3 8 3 1.00302
3 8 4 1.00335
3 8 5 1.00338
3 8 6 1.00305
3 9 0 1.00269
3 9 1 1.00296
3 9 2 1.00294
3 9 3 1.00264
3 9 4 1.00294
3 9 5 1.00296
3 9 6 1.00269
3 10 0 1.00238
3 10 1 1.00244
3 10 2 1.00244
3 10 3 1.00234
3 10 4 1.00244
3 10 5 1.00244
3 10 6 1.00238
3 11 0 1.0017
3 11 1 1.00163
3 11 2 1.00164
3 11 3 1.00168
3 11 4 1.00164
3 11 5 1.00163
3 11 6 1.0017
3 12 0 1.00172
3 12 1 1.00189
3 12 2 1.0019
3 12 3 1.00173
3 12 4 1.0019
3 12 5 1.00189
3 12 6 1.00172
3 13 0 1.00211
3 13 1 1.00216
3 13 2 1.00215
3 13 3 1.0021
3 13 4 1.00215
3 13 5 1.00216
3 13 6 1.00211
3 14 0 1.00156
3 14 1 1.00156
3 14 2 1.00157
3 14 3 1.00155
3 14 4 1.00157
3 14 5 1.00156
3 14 6 1.00156
3 15 0 1.00152
3 15 1 1.00152
3 15 2 1.00152
3 15 3 1.00152
3 15 4 1.00152
3 15 5 1.00152
3 15 6 1.00152
4 0 0 1.00146
4 0 1 1.00146
4 0 2 1.00146
4 0 3 1.00146
4 0 4 1.00146
4 0 5 1.00146
4 0 6 1.00146
4 1 0 1.0018
4 1 1 1.00177
4 1 2 1.00176
4 1 3 1.00179
4 1 4 1.00176
4 1 5 1.00177
4 1 6 1.0018
4 2 0 1.00432
4 2 1 1.00441
4 2 2 1.00441
4 2 3 1.00424
4 2 4 1.00441
4 2 5 1.00441
4 2 6 1.00432
4 3 0 1.0018
4 3 1 1.00191
4 3 2 1.00191
4 3 3 1.00175
4 3 4 1.00191
4 3 5 1.00191
4 3 6 1.0018
4 4 0 1.00204
4 4 1 1.00218
4 4 2 1.00218
4 4 3 1.00201
4 4 4 1.00218
4 4 5 1.00218
4 4 6 1.00204
4 5 0 1.00229
4 5 1 1.00288
4 5 2 1.00288
4 5 3 1.00239
4 5 4 1.00288
4 5 5 1.00288
4 5 6 1.00229
4 6 0 1.00273
4 6 1 1.00316
4 6 2 1.00315
4 6 3 1.00262
4 6 4 1.00315
4 6 5 1.00316
4 6 6 1.00273
4 7 0 1.00305
4 7 1 1.00333
4 7 2 1.00333
4 7 3 1.00302
4 7 4 1.00333
4 7 5 1.00333
4 7 6 1.00305
4 8 0 1.00305
4 8 1 1.00333
4 8 2 1.00333
4 8 3 1.00302
4 8 4 1.00333
4 8 5 1.00333
4 8 6 1.00305
4 9 0 1.00273
4 9 1 1.00316
4 9 2 1.00315
4 9 3 1.00262
4 9 4 1.00315
4 9 5 1.00316
4 9 6 1.00273
4 10 0 1.00229
4 10 1 1.00288
4 10 2 1.00288
4 10 3 1.00239
4 10 4 1.00288
4 10 5 1.00288
4 10 6 1.00229
4 11 0 1.00204
4 11 1 1.00218
4 11 2 1.00218
4 11 3 1.00201
4 11 4 1.00218
4 11 5 1.00218
4 11 6 1.00204
4 12 0 1.0018
4 12 1 1.00191
4 12 2 1.00191
4 12 3 1.00175
4 12 4 1.00191
4 12 5 1.00191
4 12 6 1.0018
4 13 0 1.00432
4 13 1 1.00441
4 13 2 1.00441
4 13 3 1.00424
4 13 4 1.00441
4 13 5 1.00441
4 13 6 1.00432
4 14 0 1.0018
4 14 1 1.00177
4 14 2 1.00176
4 14 3 1.00179
4 14 4 1.00176
4 14 5 1.00177
4 14 6 1.0018
4 15 0 1.00146
4 15 1 1.00146
4 15 2 1.00146
4 15 3 1.00146
4 15 4 1.00146
4 15 5 1.00146
4 15 6 1.00146
5 0 0 1.00169
5 0 1 1.00169
5 0 2 1.00169
5 0 3 1.00169
5 0 4 1.00169
5 0 5 1.00169
5 0 6 1.00169
5 1 0 1.00195
5 1 1 1.00196
5 1 2 1.00196
5 1 3 1.00195
5 1 4 1.00196
5 1 5 1.00196
5 1 6 1.00195
5 2 0 1.00173
5 2 1 1.00179
5 2 2 1.00179
5 2 3 1.00172
5 2 4 1.00179
5 2 5 1.00179
5 2 6 1.00173
5 3 0 1.00185
5 3 1 1.00194
5 3 2 1.00194
5 3 3 1.00182
5 3 4 1.00194
5 3 5 1.00194
5 3 6 1.00185
5 4 0 1.00206
5 4 1 1.00215
5 4 2 1.00215
5 4 3 1.00202
5 4 4 1.00215
5 4 5 1.00215
5 4 6 1.00206
5 5 0 1.00216
5 5 1 1.00227
5 5 2 1.00227
5 5 3 1.00215
5 5 4 1.00227
5 5 5 1.00227
5 5 6 1.00216
5 6 0 1.00223
5 6 1 1.00234
5 6 2 1.00234
5 6 3 1.00222
5 6 4 1.00234
5 6 5 1.00234
5 6 6 1.00223
5 7 0 1.00235
5 7 1 1.00245
5 7 2 1.00245
5 7 3 1.00235
5 7 4 1.00245
5 7 5 1.00245
5 7 6 1.00235
5 8 0 1.00235
5 8 1 1.00245
5 8 2 1.00245
5 8 3 1.00235
5 8 4 1.00245
5 8 5 1.00245
5 8 6 1.00235
5 9 0 1.00223
5 9 1 1.00234
5 9 2 1.00234
5 9 3 1.00222
5 9 4 1.00234
5 9 5 1.00234
5 9 6 1.00223
5 10 0 1.00216
5 10 1 1.00227
5 10 2 1.00227
5 10 3 1.00215
5 10 4 1.00227
5 10 5 1.00227
5 10 6 1.00216
5 11 0 1.00206
5 11 1 1.00215
5 11 2 1.00215
5 11 3 1.00202
5 11 4 1.00215
5 11 5 1.00215
5 11 6 1.00206
5 12 0 1.00185
5 12 1 1.00194
5 12 2 1.00194
5 12 3 1.00182
5 12 4 1.00194
5 12 5 1.00194
5 12 6 1.00185
5 13 0 1.00173
5 13 1 1.00179
5 13 2 1.00179
5 13 3 1.00172
5 13 4 1.00179
5 13 5 1.00179
5 13 6 1.00173
5 14 0 1.00195
5 14 1 1.00196
5 14 2 1.00196
5 14 3 1.00195
5 14 4 1.00196
5 14 5 1.00196
5 14 6 1.00195
5 15 0 1.00169
5 15 1 1.00169
5 15 2 1.00169
5 15 3 1.00169
5 15 4 1.00169
5 15 5 1.00169
5 15 6 1.00169
6 0 0 1.00182
6 0 1 1.00182
6 0 2 1.00182
6 0 3 1.00182
6 0 4 1.00182
6 0 5 1.00182
6 0 6 1.00182
6 1 0 1.00188
6 1 1 1.00188
6 1 2 1.00188
6 1 3 1.00188
6 1 4 1.00188
6 1 5 1.00188
6 1 6 1.00188
6 2 0 1.00167
6 2 1 1.00169
6 2 2 1.00169
6 2 3 1.00167
6 2 4 1.00169
6 2 5 1.00169
6 2 6 1.00167
6 3 0 1.00182
6 3 1 1.00184
6 3 2 1.00184
6 3 3 1.0018
6 3 4 1.00184
6 3 5 1.00184
6 3 6 1.00182
6 4 0 1.00188
6 4 1 1.0019
6 4 2 1.0019
6 4 3 1.00188
6 4 4 1.0019
6 4 5 1.0019
6 4 6 1.00188
6 5 0 1.00185
6 5 1 1.00189
6 5 2 1.00189
6 5 3 1.00185
6 5 4 1.00189
6 5 5 1.00189
6 5 6 1.00185
6 6 0 1.00183
6 6 1 1.00191
6 6 2 1.00191
6 6 3 1.00183
6 6 4 1.00191
6 6 5 1.00191
6 6 6 1.00183
6 7 0 1.00185
6 7 1 1.00191
6 7 2 1.00191
6 7 3 1.00185
6 7 4 1.00191
6 7 5 1.00191
6 7 6 1.00185
6 8 0 1.00185
6 8 1 1.00191
6 8 2 1.00191
6 8 3 1.00185
6 8 4 1.00191
6 8 5 1.00191
6 8 6 1.00185
6 9 0 1.00183
6 9 1 1.00191
6 9 2 1.00191
6 9 3 1.00183
6 9 4 1.00191
6 9 5 1.00191
6 9 6 1.00183
6 10 0 1.00185
6 10 1 1.00189
6 10 2 1.00189
6 10 3 1.00185
6 10 4 1.00189
6 10 5 1.00189
6 10 6 1.00185
6 11 0 1.00188
6 11 1 1.0019
6 11 2 1.0019
6 11 3 1.00188
6 11 4 1.0019
6 11 5 1.0019
6 11 6 1.00188
6 12 0 1.00182
6 12 1 1.00184
6 12 2 1.00184
6 12 3 1.0018
6 12 4 1.00184
6 12 5 1.00184
6 12 6 1.00182
6 13 0 1.00167
6 13 1 1.00169
6 13 2 1.00169
6 13 3 1.00167
6 13 4 1.00169
6 13 5 1.00169
6 13 6 1.00167
6 14 0 1.00188
6 14 1 1.00188
6 14 2 1.00188
6 14 3 1.00188
6 14 4 1.00188
6 14 5 1.00188
6 14 6 1.00188
6 15 0 1.00182
6 15 1 1.00182
6 15 2 1.00182
6 15 3 1.00182
6 15 4 1.00182
6 15 5 1.00182
6 15 6 1.00182
7 0 0 1.00185
7 0 1 1.00185
7 0 2 1.00185
7 0 3 1.00185
7 0 4 1.00185
7 0 5 1.00185
7 0 6 1.00185
7 1 0 1.00185
7 1 1 1.00185
7 1 2 1.00185
7 1 3 1.00185
7 1 4 1.00185
7 1 5 1.00185
7 1 6 1.00185
7 2 0 1.0018
7 2 1 1.0018
7 2 2 1.0018
7 2 3 1.0018
7 2 4 1.0018
7 2 5 1.0018
7 2 6 1.0018
7 3 0 1.00185
7 3 1 1.00185
7 3 2 1.00185
7 3 3 1.00185
7 3 4 1.00185
7 3 5 1.00185
7 3 6 1.00185
7 4 0 1.00186
7 4 1 1.00186
7 4 2 1.00186
7 4 3 1.00186
7 4 4 1.00186
7 4 5 1.00186
7 4 6 1.00186
7 5 0 1.00184
7 5 1 1.00185
7 5 2 1.00185
7 5 3 1.00184
7 5 4 1.00185
7 5 5 1.00185
7 5 6 1.00184
7 6 0 1.00185
7 6 1 1.00185
7 6 2 1.00185
7 6 3 1.00185
7 6 4 1.00185
7 6 5 1.00185
7 6 6 1.00185
7 7 0 1.00184
7 7 1 1.00184
7 7 2 1.00184
7 7 3 1.00184
7 7 4 1.00184
7 7 5 1.00184
7 7 6 1.00184
7 8 0 1.00184
7 8 1 1.00184
7 8 2 1.00184
7 8 3 1.00184
7 8 4 1.00184
7 8 5 1.00184
7 8 6 1.00184
7 9 0 1.00185
7 9 1 1.00185
7 9 2 1.00185
7 9 3 1.00185
7 9 4 1.00185
7 9 5 1.00185
7 9 6 1.00185
7 10 0 1.00184
7 10 1 1.00185
7 10 2 1.00185
7 10 3 1.00184
7 10 4 1.00185
7 10 5 1.00185
7 10 6 1.00184
7 11 0 1.00186
7 11 1 1.00186
7 11 2 1.00186
7 11 3 1.00186
7 11 4 1.00186
7 11 5 1.00186
7 11 6 1.00186
7 12 0 1.00185
7 12 1 1.00185
7 12 2 1.00185
7 12 3 1.00185
7 12 4 1.00185
7 12 5 1.00185
7 12 6 1.00185
7 13 0 1.0018
7 13 1 1.0018
7 13 2 1.0018
7 13 3 1.0018
7 13 4 1.0018
7 13 5 1.0018
7 13 6 1.0018
7 14 0 1.00185
7 14 1 1.00185
7 14 2 1.00185
7 14 3 1.00185
7 14 4 1.00185
7 14 5 1.00185
7 14 6 1.00185
7 15 0 1.00185
7 15 1 1.00185
7 15 2 1.00185
7 15 3 1.00185
7 15 4 1.00185
7 15 5 1.00185
7 15 6 1.00185
8 0 0 1.00185
8 0 1 1.00185
8 0 2 1.00185
8 0 3 1.00185
8 0 4 1.00185
8 0 5 1.00185
8 0 6 1.00185
8 1 0 1.00185
8 1 1 1.00185
8 1 2 1.00185
8 1 3 1.00185
8 1 4 1.00185
8 1 5 1.00185
8 1 6 1.00185
8 2 0 1.00184
8 2 1 1.00184
8 2 2 1.00184
8 2 3 1.00184
8 2 4 1.00184
8 2 5 1.00184
8 2 6 1.00184
8 3 0 1.00185
8 3 1 1.00185
8 3 2 1.00185
8 3 3 1.00185
8 3 4 1.00185
8 3 5 1.00185
8 3 6 1.00185
8 4 0 1.00185
8 4 1 1.00185
8 4 2 1.00185
8 4 3 1.00185
8 4 4 1.00185
8 4 5 1.00185
8 4 6 1.00185
8 5 0 1.00184
8 5 1 1.00184
8 5 2 1.00184
8 5 3 1.00185
8 5 4 1.00184
8 5 5 1.00184
8 5 6 1.00184
8 6 0 1.00185
8 6 1 1.00185
8 6 2 1.00185
8 6 3 1.00185
8 6 4 1.00185
8 6 5 1.00185
8 6 6 1.00185
8 7 0 1.00184
8 7 1 1.00184
8 7 2 1.00184
8 7 3 1.00185
8 7 4 1.00184
8 7 5 1.00184
8 7 6 1.00184
8 8 0 1.00184
8 8 1 1.00184
8 8 2 1.00184
8 8 3 1.00185
8 8 4 1.00184
8 8 5 1.00184
8 8 6 1.00184
8 9 0 1.00185
8 9 1 1.00185
8 9 2 1.00185
8 9 3 1.00185
8 9 4 1.00185
8 9 5 1.00185
8 9 6 1.00185
8 10 0 1.00184
8 10 1 1.00184
8 10 2 1.00184
8 10 3 1.00185
8 10 4 1.00184
8 10 5 1.00184
8 10 6 1.00184
8 11 0 1.00185
8 11 1 1.00185
8 11 2 1.00185
8 11 3 1.00185
8 11 4 1.00185
8 11 5 1.00185
8 11 6 1.00185
8 12 0 1.00185
8 12 1 1.00185
8 12 2 1.00185
8 12 3 1.00185
8 12 4 1.00185
8 12 5 1.00185
8 12 6 1.00185
8 13 0 1.00184
8 13 1 1.00184
8 13 2 1.00184
8 13 3 1.00184
8 13 4 1.00184
8 13 5 1.00184
8 13 6 1.00184
8 14 0 1.00185
8 14 1 1.00185
8 14 2 1.00185
8 14 3 1.00185
8 14 4 1.00185
8 14 5 1.00185
8 14 6 1.00185
8 15 0 1.00185
8 15 1 1.00185
8 15 2 1.00185
8 15 3 1.00185
8 15 4 1.00185
8 15 5 1.00185
8 15 6 1.00185
9 0 0 1.00185
9 0 1 1.00185
9 0 2 1.00185
9 0 3 1.00185
9 0 4 1.00185
9 0 5 1.00185
9 0 6 1.00185
9 1 0 1.00185
9 1 1 1.00185
9 1 2 1.00185
9 1 3 1.00185
9 1 4 1.00185
9 1 5 1.00185
9 1 6 1.00185
9 2 0 1.00185
9 2 1 1.00185
9 2 2 1.00185
9 2 3 1.00185
9 2 4 1.00185
9 2 5 1.00185
9 2 6 1.00185
9 3 0 1.00185
9 3 1 1.00185
9 3 2 1.00185
9 3 3 1.00185
9 3 4 1.00185
9 3 5 1.00185
9 3 6 1.00185
9 4 0 1.00185
9 4 1 1.00185
9 4 2 1.00185
9 4 3 1.00185
9 4 4 1.00185
9 4 5 1.00185
9 4 6 1.00185
9 5 0 1.00185
9 5 1 1.00185
9 5 2 1.00185
9 5 3 1.00185
9 5 4 1.00185
9 5 5 1.00185
9 5 6 1.00185
9 6 0 1.00185
9 6 1 1.00185
9 6 2 1.00185
9 6 3 1.00185
9 6 4 1.00185
9 6 5 1.00185
9 6 6 1.00185
9 7 0 1.00185
9 7 1 1.00185
9 7 2 1.00185
9 7 3 1.00185
9 7 4 1.00185
9 7 5 1.00185
9 7 6 1.00185
9 8 0 1.00185
9 8 1 1.00185
9 8 2 1.00185
9 8 3 1.00185
9 8 4 1.00185
9 8 5 1.00185
9 8 6 1.00185
9 9 0 1.00185
9 9 1 1.00185
9 9 2 1.00185
9 9 3 1.00185
9 9 4 1.00185
9 9 5 1.00185
9 9 6 1.00185
9 10 0 1.00185
9 10 1 1.00185
9 10 2 1.00185
9 10 3 1.00185
9 10 4 1.00185
9 10 5 1.00185
9 10 6 1.00185
9 11 0 1.00185
9 11 1 1.00185
9 11 2 1.00185
9 11 3 1.00185
9 11 4 1.00185
9 11 5 1.00185
9 11 6 1.00185
9 12 0 1.00185
9 12 1 1.00185
9 12 2 1.00185
9 12 3 1.00185
9 12 4 1.00185
9 12 5 1.00185
9 12 6 1.00185
9 13 0 1.00185
9 13 1 1.00185
9 13 2 1.00185
9 13 3 1.00185
9 13 4 1.00185
9 13 5 1.00185
9 13 6 1.00185
9 14 0 1.00185
9 14 1 1.00185
9 14 2 1.00185
9 14 3 1.00185
9 14 4 1.00185
9 14 5 1.00185
9 14 6 1.00185
9 15 0 1.00185
9 15 1 1.00185
9 15 2 1.00185
9 15 3 1.00185
9 15 4 1.00185
9 15 5 1.00185
9 15 6 1.00185
10 0 0 1.00185
10 0 1 1.00185
10 0 2 1.00185
10 0 3 1.00185
10 0 4 1.00185
10 0 5 1.00185
10 0 6 1.00185
10 1 0 1.00185
10 1 1 1.00185
10 1 2 1.00185
10 1 3 1.00185
10 1 4 1.00185
10 1 5 1.00185
10 1 6 1.00185
10 2 0 1.00185
10 2 1 1.00185
10 2 2 1.00185
10 2 3 1.00185
10 2 4 1.00185
10 2 5 1.00185
10 2 6 1.00185
10 3 0 1.00185
10 3 1 1.00185
10 3 2 1.00185
10 3 3 1.00185
10 3 4 1.00185
10 3 5 1.00185
10 3 6 1.00185
10 4 0 1.00185
10 4 1 1.00185
10 4 2 1.00185
10 4 3 1.00185
10 4 4 1.00185
10 4 5 1.00185
10 4 6 1.00185
10 5 0 1.00185
10 5 1 1.00185
10 5 2 1.00185
10 5 3 1.00185
10 5 4 1.00185
10 5 5 1.00185
10 5 6 1.00185
10 6 0 1.00185
10 6 1 1.00185
10 6 2 1.00185
10 6 3 1.00185
10 6 4 1.00185
10 6 5 1.00185
10 6 6 1.00185
10 7 0 1.00185
10 7 1 1.00185
10 7 2 1.00185
10 7 3 1.00185
10 7 4 1.00185
10 7 5 1.00185
10 7 6 1.00185
10 8 0 1.00185
10 8 1 1.00185
10 8 2 1.00185
10 8 3 1.00185
10 8 4 1.00185
10 8 5 1.00185
10 8 6 1.00185
10 9 0 1.00185
10 9 1 1.00185
10 9 2 1.00185
10 9 3 1.00185
10 9 4 1.00185
10 9 5 1.00185
10 9 6 1.00185
10 10 0 1.00185
10 10 1 1.00185
10 10 2 1.00185
10 10 3 1.00185
10 10 4 1.00185
10 10 5 1.00185
10 10 6 1.00185
10 11 0 1.00185
10 11 1 1.00185
10 11 2 1.00185
10 11 3 1.00185
10 11 4 1.00185
10 11 5 1.00185
10 11 6 1.00185
10 12 0 1.00185
10 12 1 1.00185
10 12 2 1.00185
10 12 3 1.00185
10 12 4 1.00185
10 12 5 1.00185
10 12 6 1.00185
10 13 0 1.00185
10 13 1 1.00185
10 13 2 1.00185
10 13 3 1.00185
10 13 4 1.00185
10 13 5 1.00185
10 13 6 1.00185
10 14 0 1.00185
10 14 1 1.00185
10 14 2 1.00185
10 14 3 1.00185
10 14 4 1.00185
10 14 5 1.00185
10 14 6 1.00185
10 15 0 1.00185
10 15 1 1.00185
10 15 2 1.00185
10 15 3 1.00185
10 15 4 1.00185
10 15 5 1.00185
10 15 6 1.00185
11 0 0 1.00185
11 0 1 1.00185
11 0 2 1.00185
11 0 3 1.00185
11 0 4 1.00185
11 0 5 1.00185
11 0 6 1.00185
11 1 0 1.00185
11 1 1 1.00185
11 1 2 1.00185
11 1 3 1.00185
11 1 4 1.00185
11 1 5 1.00185
11 1 6 1.00185
11 2 0 1.00185
11 2 1 1.00185
11 2 2 1.00185
11 2 3 1.00185
11 2 4 1.00185
11 2 5 1.00185
11 2 6 1.00185
11 3 0 1.00185
11 3 1 1.00185
11 3 2 1.00185
11 3 3 1.00185
11 3 4 1.00185
11 3 5 1.00185
11 3 6 1.00185
11 4 0 1.00185
11 4 1 1.00185
11 4 2 1.00185
11 4 3 1.00185
11 4 4 1.00185
11 4 5 1.00185
11 4 6 1.00185
11 5 0 1.00185
11 5 1 1.00185
11 5 2 1.00185
11 5 3 1.00185
11 5 4 1.00185
11 5 5 1.00185
11 5 6 1.00185
11 6 0 1.00185
11 6 1 1.00185
11 6 2 1.00185
11 6 3 1.00185
11 6 4 1.00185
11 6 5 1.00185
11 6 6 1.00185
11 7 0 1.00185
11 7 1 1.00185
11 7 2 1.00185
11 7 3 1.00185
11 7 4 1.00185
11 7 5 1.00185
11 7 6 1.00185
11 8 0 1.00185
11 8 1 1.00185
11 8 2 1.00185
11 8 3 1.00185
11 8 4 1.00185
11 8 5 1.00185
11 8 6 1.00185
11 9 0 1.00185
11 9 1 1.00185
11 9 2 1.00185
11 9 3 1.00185
11 9 4 1.00185
11 9 5 1.00185
11 9 6 1.00185
11 10 0 1.00185
11 10 1 1.00185
11 10 2 1.00185
11 10 3 1.00185
11 10 4 1.00185
11 10 5 1.00185
11 10 6 1.00185
11 11 0 1.00185
11 11 1 1.00185
11 11 2 1.00185
11 11 3 1.00185
11 11 4 1.00185
11 11 5 1.00185
11 11 6 1.00185
11 12 0 1.00185
11 12 1 1.00185
11 12 2 1.00185
11 12 3 1.00185
11 12 4 1.00185
11 12 5 1.00185
11 12 6 1.00185
11 13 0 1.00185
11 13 1 1.00185
11 13 2 1.00185
11 13 3 1.00185
11 13 4 1.00185
11 13 5 1.00185
11 13 6 1.00185
11 14 0 1.00185
11 14 1 1.00185
11 14 2 1.00185
11 14 3 1.00185
11 14 4 1.00185
11 14 5 1.00185
11 14 6 1.00185
11 15 0 1.00185
11 15 1 1.00185
11 15 2 1.00185
11 15 3 1.00185
11 15 4 1.00185
11 15 5 1.00185
11 15 6 1.00185
12 0 0 1.00185
12 0 1 1.00185
12 0 2 1.00185
12 0 3 1.00185
12 0 4 1.00185
12 0 5 1.00185
12 0 6 1.00185
12 1 0 1.00185
12 1 1 1.00185
12 1 2 1.00185
12 1 3 1.00185
12 1 4 1.00185
12 1 5 1.00185
12 1 6 1.00185
12 2 0 1.00185
12 2 1 1.00185
12 2 2 1.00185
12 2 3 1.00185
12 2 4 1.00185
12 2 5 1.00185
12 2 6 1.00185
12 3 0 1.00185
12 3 1 1.00185
12 3 2 1.00185
12 3 3 1.00185
12 3 4 1.00185
12 3 5 1.00185
12 3 6 1.00185
12 4 0 1.00185
12 4 1 1.00185
12 4 2 1.00185
12 4 3 1.00185
12 4 4 1.00185
12 4 5 1.00185
12 4 6 1.00185
12 5 0 1.00185
12 5 1 1.00185
12 5 2 1.00185
12 5 3 1.00185
12 5 4 1.00185
12 5 5 1.00185
12 5 6 1.00185
12 6 0 1.00185
12 6 1 1.00185
12 6 2 1.00185
12 6 3 1.00185
12 6 4 1.00185
12 6 5 1.00185
12 6 6 1.00185
12 7 0 1.00185
12 7 1 1.00185
12 7 2 1.00185
12 7 3 1.00185
12 7 4 1.00185
12 7 5 1.00185
12 7 6 1.00185
12 8 0 1.00185
12 8 1 1.00185
12 8 2 1.00185
12 8 3 1.00185
12 8 4 1.00185
12 8 5 1.00185
12 8 6 1.00185
12 9 0 1.00185
12 9 1 1.00185
12 9 2 1.00185
12 9 3 1.00185
12 9 4 1.00185
12 9 5 1.00185
12 9 6 1.00185
12 10 0 1.00185
12 10 1 1.00185
12 10 2 1.00185
12 10 3 1.00185
12 10 4 1.00185
12 10 5 1.00185
12 10 6 1.00185
12 11 0 1.00185
12 11 1 1.00185
12 11 2 1.00185
12 11 3 1.00185
12 11 4 1.00185
12 11 5 1.00185
12 11 6 1.00185
12 12 0 1.00185
12 12 1 1.00185
12 12 2 1.00185
12 12 3 1.00185
12 12 4 1.00185
12 12 5 1.00185
12 12 6 1.00185
12 13 0 1.00185
12 13 1 1.00185
12 13 2 1.00185
12 13 3 1.00185
12 13 4 1.00185
12 13 5 1.00185
12 13 6 1.00185
12 14 0 1.00185
12 14 1 1.00185
12 14 2 1.00185
12 14 3 1.00185
12 14 4 1.00185
12 14 5 1.00185
12 14 6 1.00185
12 15 0 1.00185
12 15 1 1.00185
12 15 2 1.00185
12 15 3 1.00185
12 15 4 1.00185
12 15 5 1.00185
12 15 6 1.00185
13 0 0 1.00185
13 0 1 1.00185
13 0 2 1.00185
13 0 3 1.00185
13 0 4 1.00185
13 0 5 1.00185
13 0 6 1.00185
13 1 0 1.00185
13 1 1 1.00185
13 1 2 1.00185
13 1 3 1.00185
13 1 4 1.00185
13 1 5 1.00185
13 1 6 1.00185
13 2 0 1.00185
13 2 1 1.00185
13 2 2 1.00185
13 2 3 1.00185
13 2 4 1.00185
13 2 5 1.00185
13 2 6 1.00185
13 3 0 1.00185
13 3 1 1.00185
13 3 2 1.00185
13 3 3 1.00185
13 3 4 1.00185
13 3 5 1.00185
13 3 6 1.00185
13 4 0 1.00185
13 4 1 1.00185
13 4 2 1.00185
13 4 3 1.00185
13 4 4 1.00185
13 4 5 1.00185
13 4 6 1.00185
13 5 0 1.00185
13 5 1 1.00185
13 5 2 1.00185
13 5 3 1.00185
13 5 4 1.00185
13 5 5 1.00185
13 5 6 1.00185
13 6 0 1.00185
13 6 1 1.00185
13 6 2 1.00185
13 6 3 1.00185
13 6 4 1.00185
13 6 5 1.00185
13 6 6 1.00185
13 7 0 1.00185
13 7 1 1.00185
13 7 2 1.00185
13 7 3 1.00185
13 7 4 1.00185
13 7 5 1.00185
13 7 6 1.00185
13 8 0 1.00185
13 8 1 1.00185
13 8 2 1.00185
13 8 3 1.00185
13 8 4 1.00185
13 8 5 1.00185
13 8 6 1.00185
13 9 0 1.00185
13 9 1 1.00185
13 9 2 1.00185
13 9 3 1.00185
13 9 4 1.00185
13 9 5 1.00185
13 9 6 1.00185
13 10 0 1.00185
13 10 1 1.00185
13 10 2 1.00185
13 10 3 1.00185
13 10 4 1.00185
13 10 5 1.00185
13 10 6 1.00185
13 11 0 1.00185
13 11 1 1.00185
13 11 2 1.00185
13 11 3 1.00185
13 11 4 1.00185
13 11 5 1.00185
13 11 6 1.00185
13 12 0 1.00185
13 12 1 1.00185
13 12 2 1.00185
13 12 3 1.00185
13 12 4 1.00185
13 12 5 1.00185
13 12 6 1.00185
13 13 0 1.00185
13 13 1 1.00185
13 13 2 1.00185
13 13 3 1.00185
13 13 4 1.00185
13 13 5 1.00185
13 13 6 1.00185
13 14 0 1.00185
13 14 1 1.00185
13 14 2 1.00185
13 14 3 1.00185
13 14 4 1.00185
13 14 5 1.00185
13 14 6 1.00185
13 15 0 1.00185
13 15 1 1.00185
13 15 2 1.00185
13 15 3 1.00185
13 15 4 1.00185
13 15 5 1.00185
13 15 6 1.00185
14 0 0 1.00185
14 0 1 1.00185
14 0 2 1.00185
14 0 3 1.00185
14 0 4 1.00185
14 0 5 1.00185
14 0 6 1.00185
14 1 0 1.00185
14 1 1 1.00185
14 1 2 1.00185
14 1 3 1.00185
14 1 4 1.00185
14 1 5 1.00185
14 1 6 1.00185
14 2 0 1.00185
14 2 1 1.00185
14 2 2 1.00185
14 2 3 1.00185
14 2 4 1.00185
14 2 5 1.00185
14 2 6 1.00185
14 3 0 1.00185
14 3 1 1.00185
14 3 2 1.00185
14 3 3 1.00185
14 3 4 1.00185
14 3 5 1.00185
14 3 6 1.00185
14 4 0 1.00185
14 4 1 1.00185
14 4 2 1.00185
14 4 3 1.00185
14 4 4 1.00185
14 4 5 1.00185
14 4 6 1.00185
14 5 0 1.00185
14 5 1 1.00185
14 5 2 1.00185
14 5 3 1.00185
14 5 4 1.00185
14 5 5 1.00185
14 5 6 1.00185
14 6 0 1.00185
14 6 1 1.00185
14 6 2 1.00185
14 6 3 1.00185
14 6 4 1.00185
14 6 5 1.00185
14 6 6 1.00185
14 7 0 1.00185
14 7 1 1.00185
14 7 2 1.00185
14 7 3 1.00185
14 7 4 1.00185
14 7 5 1.00185
14 7 6 1.00185
14 8 0 1.00185
14 8 1 1.00185
14 8 2 1.00185
14 8 3 1.00185
14 8 4 1.00185
14 8 5 1.00185
14 8 6 1.00185
14 9 0 1.00185
14 9 1 1.00185
14 9 2 1.00185
14 9 3 1.00185
14 9 4 1.00185
14 9 5 1.00185
14 9 6 1.00185
14 10 0 1.00185
14 10 1 1.00185
14 10 2 1.00185
14 10 3 1.00185
14 10 4 1.00185
14 10 5 1.00185
14 10 6 1.00185
14 11 0 1.00185
14 11 1 1.00185
14 11 2 1.00185
14 11 3 1.00185
14 11 4 1.00185
14 11 5 1.00185
14 11 6 1.00185
14 12 0 1.00185
14 12 1 1.00185
14 12 2 1.00185
14 12 3 1.00185
14 12 4 1.00185
14 12 5 1.00185
14 12 6 1.00185
14 13 0 1.00185
14 13 1 1.00185
14 13 2 1.00185
14 13 3 1.00185
14 13 4 1.00185
14 13 5 1.00185
14 13 6 1.00185
14 14 0 1.00185
14 14 1 1.00185
14 14 2 1.00185
14 14 3 1.00185
14 14 4 1.00185
14 14 5 1.00185
14 14 6 1.00185
14 15 0 1.00185
14 15 1 1.00185
14 15 2 1.00185
14 15 3 1.00185
14 15 4 1.00185
14 15 5 1.00185
14 15 6 1.00185
15 0 0 1.00185
15 0 1 1.00185
15 0 2 1.00185
15 0 3 1.00185
15 0 4 1.00185
15 0 5 1.00185
15 0 6 1.00185
15 1 0 1.00185
15 1 1 1.00185
15 1 2 1.00185
15 1 3 1.00185
15 1 4 1.00185
15 1 5 1.00185
15 1 6 1.00185
15 2 0 1.00185
15 2 1 1.00185
15 2 2 1.00185
15 2 3 1.00185
15 2 4 1.00185
15 2 5 1.00185
15 2 6 1.00185
15 3 0 1.00185
15 3 1 1.00185
15 3 2 1.00185
15 3 3 1.00185
15 3 4 1.00185
15 3 5 1.00185
15 3 6 1.00185
15 4 0 1.00185
15 4 1 1.00185
15 4 2 1.00185
15 4 3 1.00185
15 4 4 1.00185
15 4 5 1.00185
15 4 6 1.00185
15 5 0 1.00185
15 5 1 1.00185
15 5 2 1.00185
15 5 3 1.00185
15 5 4 1.00185
15 5 5 1.00185
15 5 6 1.00185
15 6 0 1.00185
15 6 1 1.00185
15 6 2 1.00185
15 6 3 1.00185
15 6 4 1.00185
15 6 5 1.00185
15 6 6 1.00185
15 7 0 1.00185
15 7 1 1.00185
15 7 2 1.00185
15 7 3 1.00185
15 7 4 1.00185
15 7 5 1.00185
15 7 6 1.00185
15 8 0 1.00185
15 8 1 1.00185
15 8 2 1.00185
15 8 3 1.00185
15 8 4 1.00185
15 8 5 1.00185
15 8 6 1.00185
15 9 0 1.00185
15 9 1 1.00185
15 9 2 1.00185
15 9 3 1.00185
15 9 4 1.00185
15 9 5 1.00185
15 9 6 1.00185
15 10 0 1.00185
15 10 1 1.00185
15 10 2 1.00185
15 10 3 1.00185
15 10 4 1.00185
15 10 5 1.00185
15 10 6 1.00185
15 11 0 1.00185
15 11 1 1.00185
15 11 2 1.00185
15 11 3 1.00185
15 11 4 1.00185
15 11 5 1.00185
15 11 6 1.00185
15 12 0 1.00185
15 12 1 1.00185
15 12 2 1.00185
15 12 3 1.00185
15 12 4 1.00185
15 12 5 1.00185
15 12 6 1.00185
15 13 0 1.00185
15 13 1 1.00185
15 13 2 1.00185
15 13 3 1.00185
15 13 4 1.00185
15 13 5 1.00185
15 13 6 1.00185
15 14 0 1.00185
15 14 1 1.00185
15 14 2 1.00185
15 14 3 1.00185
15 14 4 1.00185
15 14 5 1.00185
15 14 6 1.00185
15 15 0 1.00185
15 15 1 1.00185
15 15 2 1.00185
15 15 3 1.00185
15 15 4 1.00185
15 15 5 1.00185
15 15 6 1.00185
Cleaning up correlator class object
