Initializing Object for correlated glauber
Reading in correlation grids from memory: /home/wim/Code/share/input/CorrGrid.C.tot.90.90.dat
0 0 0 1.00007
0 0 1 1.00007
0 0 2 1.00007
0 0 3 1.00007
0 0 4 1.00007
0 0 5 1.00007
0 0 6 1.00007
0 1 0 1.00007
0 1 1 1.00007
0 1 2 1.00007
0 1 3 1.00007
0 1 4 1.00007
0 1 5 1.00007
0 1 6 1.00007
0 2 0 1.00007
0 2 1 1.00007
0 2 2 1.00007
0 2 3 1.00007
0 2 4 1.00007
0 2 5 1.00007
0 2 6 1.00007
0 3 0 1.00007
0 3 1 1.00007
0 3 2 1.00007
0 3 3 1.00007
0 3 4 1.00007
0 3 5 1.00007
0 3 6 1.00007
0 4 0 1.00007
0 4 1 1.00007
0 4 2 1.00007
0 4 3 1.00007
0 4 4 1.00007
0 4 5 1.00007
0 4 6 1.00007
0 5 0 1.00007
0 5 1 1.00007
0 5 2 1.00007
0 5 3 1.00007
0 5 4 1.00007
0 5 5 1.00007
0 5 6 1.00007
0 6 0 1.00007
0 6 1 1.00007
0 6 2 1.00007
0 6 3 1.00007
0 6 4 1.00007
0 6 5 1.00007
0 6 6 1.00007
0 7 0 1.00007
0 7 1 1.00007
0 7 2 1.00007
0 7 3 1.00007
0 7 4 1.00007
0 7 5 1.00007
0 7 6 1.00007
0 8 0 1.00007
0 8 1 1.00007
0 8 2 1.00007
0 8 3 1.00007
0 8 4 1.00007
0 8 5 1.00007
0 8 6 1.00007
0 9 0 1.00007
0 9 1 1.00007
0 9 2 1.00007
0 9 3 1.00007
0 9 4 1.00007
0 9 5 1.00007
0 9 6 1.00007
0 10 0 1.00007
0 10 1 1.00007
0 10 2 1.00007
0 10 3 1.00007
0 10 4 1.00007
0 10 5 1.00007
0 10 6 1.00007
0 11 0 1.00007
0 11 1 1.00007
0 11 2 1.00007
0 11 3 1.00007
0 11 4 1.00007
0 11 5 1.00007
0 11 6 1.00007
0 12 0 1.00007
0 12 1 1.00007
0 12 2 1.00007
0 12 3 1.00007
0 12 4 1.00007
0 12 5 1.00007
0 12 6 1.00007
0 13 0 1.00007
0 13 1 1.00007
0 13 2 1.00007
0 13 3 1.00007
0 13 4 1.00007
0 13 5 1.00007
0 13 6 1.00007
0 14 0 1.00007
0 14 1 1.00007
0 14 2 1.00007
0 14 3 1.00007
0 14 4 1.00007
0 14 5 1.00007
0 14 6 1.00007
0 15 0 1.00007
0 15 1 1.00007
0 15 2 1.00007
0 15 3 1.00007
0 15 4 1.00007
0 15 5 1.00007
0 15 6 1.00007
1 0 0 1.00008
1 0 1 1.00008
1 0 2 1.00008
1 0 3 1.00008
1 0 4 1.00008
1 0 5 1.00008
1 0 6 1.00008
1 1 0 1.00009
1 1 1 1.00008
1 1 2 1.00008
1 1 3 1.00009
1 1 4 1.00008
1 1 5 1.00008
1 1 6 1.00009
1 2 0 1.00004
1 2 1 1.00004
1 2 2 1.00002
1 2 3 1.00003
1 2 4 1.00002
1 2 5 1.00004
1 2 6 1.00004
1 3 0 1.00009
1 3 1 1.00007
1 3 2 1.00008
1 3 3 1.00009
1 3 4 1.00008
1 3 5 1.00007
1 3 6 1.00009
1 4 0 1.00019
1 4 1 1.00007
1 4 2 1.00005
1 4 3 1.00014
1 4 4 1.00005
1 4 5 1.00007
1 4 6 1.00019
1 5 0 1.00014
1 5 1 1.00005
1 5 2 1.00005
1 5 3 1.00015
1 5 4 1.00005
1 5 5 1.00005
1 5 6 1.00014
1 6 0 1.00015
1 6 1 1.00003
1 6 2 1.00004
1 6 3 1.00014
1 6 4 1.00004
1 6 5 1.00003
1 6 6 1.00015
1 7 0 1.00013
1 7 1 1.00005
1 7 2 1.00004
1 7 3 1.00015
1 7 4 1.00004
1 7 5 1.00005
1 7 6 1.00013
1 8 0 1.00013
1 8 1 1.00005
1 8 2 1.00004
1 8 3 1.00015
1 8 4 1.00004
1 8 5 1.00005
1 8 6 1.00013
1 9 0 1.00015
1 9 1 1.00003
1 9 2 1.00004
1 9 3 1.00014
1 9 4 1.00004
1 9 5 1.00003
1 9 6 1.00015
1 10 0 1.00014
1 10 1 1.00005
1 10 2 1.00005
1 10 3 1.00015
1 10 4 1.00005
1 10 5 1.00005
1 10 6 1.00014
1 11 0 1.00019
1 11 1 1.00007
1 11 2 1.00005
1 11 3 1.00014
1 11 4 1.00005
1 11 5 1.00007
1 11 6 1.00019
1 12 0 1.00009
1 12 1 1.00007
1 12 2 1.00008
1 12 3 1.00009
1 12 4 1.00008
1 12 5 1.00007
1 12 6 1.00009
1 13 0 1.00004
1 13 1 1.00004
1 13 2 1.00002
1 13 3 1.00003
1 13 4 1.00002
1 13 5 1.00004
1 13 6 1.00004
1 14 0 1.00009
1 14 1 1.00008
1 14 2 1.00008
1 14 3 1.00009
1 14 4 1.00008
1 14 5 1.00008
1 14 6 1.00009
1 15 0 1.00008
1 15 1 1.00008
1 15 2 1.00008
1 15 3 1.00008
1 15 4 1.00008
1 15 5 1.00008
1 15 6 1.00008
2 0 0 1.00008
2 0 1 1.00008
2 0 2 1.00008
2 0 3 1.00008
2 0 4 1.00008
2 0 5 1.00008
2 0 6 1.00008
2 1 0 0.999986
2 1 1 0.999981
2 1 2 0.999973
2 1 3 0.999982
2 1 4 0.999973
2 1 5 0.999981
2 1 6 0.999986
2 2 0 1.00022
2 2 1 1.00015
2 2 2 1.00012
2 2 3 1.00022
2 2 4 1.00012
2 2 5 1.00015
2 2 6 1.00022
2 3 0 0.999925
2 3 1 0.999982
2 3 2 0.999975
2 3 3 0.999979
2 3 4 0.999975
2 3 5 0.999982
2 3 6 0.999925
2 4 0 0.999127
2 4 1 0.999226
2 4 2 0.999192
2 4 3 0.999099
2 4 4 0.999192
2 4 5 0.999226
2 4 6 0.999127
2 5 0 0.999747
2 5 1 0.999922
2 5 2 0.999918
2 5 3 0.999755
2 5 4 0.999918
2 5 5 0.999922
2 5 6 0.999747
2 6 0 0.999788
2 6 1 0.999901
2 6 2 0.999895
2 6 3 0.999786
2 6 4 0.999895
2 6 5 0.999901
2 6 6 0.999788
2 7 0 0.999887
2 7 1 0.999917
2 7 2 0.999913
2 7 3 0.999865
2 7 4 0.999913
2 7 5 0.999917
2 7 6 0.999887
2 8 0 0.999887
2 8 1 0.999917
2 8 2 0.999913
2 8 3 0.999865
2 8 4 0.999913
2 8 5 0.999917
2 8 6 0.999887
2 9 0 0.999788
2 9 1 0.999901
2 9 2 0.999895
2 9 3 0.999786
2 9 4 0.999895
2 9 5 0.999901
2 9 6 0.999788
2 10 0 0.999747
2 10 1 0.999922
2 10 2 0.999918
2 10 3 0.999755
2 10 4 0.999918
2 10 5 0.999922
2 10 6 0.999747
2 11 0 0.999127
2 11 1 0.999226
2 11 2 0.999192
2 11 3 0.999099
2 11 4 0.999192
2 11 5 0.999226
2 11 6 0.999127
2 12 0 0.999925
2 12 1 0.999982
2 12 2 0.999975
2 12 3 0.999979
2 12 4 0.999975
2 12 5 0.999982
2 12 6 0.999925
2 13 0 1.00022
2 13 1 1.00015
2 13 2 1.00012
2 13 3 1.00022
2 13 4 1.00012
2 13 5 1.00015
2 13 6 1.00022
2 14 0 0.999986
2 14 1 0.999981
2 14 2 0.999973
2 14 3 0.999982
2 14 4 0.999973
2 14 5 0.999981
2 14 6 0.999986
2 15 0 1.00008
2 15 1 1.00008
2 15 2 1.00008
2 15 3 1.00008
2 15 4 1.00008
2 15 5 1.00008
2 15 6 1.00008
3 0 0 1.0001
3 0 1 1.0001
3 0 2 1.0001
3 0 3 1.0001
3 0 4 1.0001
3 0 5 1.0001
3 0 6 1.0001
3 1 0 0.999964
3 1 1 0.999961
3 1 2 0.99997
3 1 3 0.999957
3 1 4 0.99997
3 1 5 0.999961
3 1 6 0.999964
3 2 0 1.00028
3 2 1 1.00032
3 2 2 1.00032
3 2 3 1.00027
3 2 4 1.00032
3 2 5 1.00032
3 2 6 1.00028
3 3 0 0.999884
3 3 1 1.00005
3 3 2 1.00005
3 3 3 0.999892
3 3 4 1.00005
3 3 5 1.00005
3 3 6 0.999884
3 4 0 0.99994
3 4 1 0.999882
3 4 2 0.999888
3 4 3 0.999916
3 4 4 0.999888
3 4 5 0.999882
3 4 6 0.99994
3 5 0 1.00075
3 5 1 1.00081
3 5 2 1.00081
3 5 3 1.00071
3 5 4 1.00081
3 5 5 1.00081
3 5 6 1.00075
3 6 0 1.00114
3 6 1 1.0014
3 6 2 1.00138
3 6 3 1.00109
3 6 4 1.00138
3 6 5 1.0014
3 6 6 1.00114
3 7 0 1.0015
3 7 1 1.00183
3 7 2 1.0018
3 7 3 1.00147
3 7 4 1.0018
3 7 5 1.00183
3 7 6 1.0015
3 8 0 1.0015
3 8 1 1.00183
3 8 2 1.0018
3 8 3 1.00147
3 8 4 1.0018
3 8 5 1.00183
3 8 6 1.0015
3 9 0 1.00114
3 9 1 1.0014
3 9 2 1.00138
3 9 3 1.00109
3 9 4 1.00138
3 9 5 1.0014
3 9 6 1.00114
3 10 0 1.00075
3 10 1 1.00081
3 10 2 1.00081
3 10 3 1.00071
3 10 4 1.00081
3 10 5 1.00081
3 10 6 1.00075
3 11 0 0.99994
3 11 1 0.999882
3 11 2 0.999888
3 11 3 0.999916
3 11 4 0.999888
3 11 5 0.999882
3 11 6 0.99994
3 12 0 0.999884
3 12 1 1.00005
3 12 2 1.00005
3 12 3 0.999892
3 12 4 1.00005
3 12 5 1.00005
3 12 6 0.999884
3 13 0 1.00028
3 13 1 1.00032
3 13 2 1.00032
3 13 3 1.00027
3 13 4 1.00032
3 13 5 1.00032
3 13 6 1.00028
3 14 0 0.999964
3 14 1 0.999961
3 14 2 0.99997
3 14 3 0.999957
3 14 4 0.99997
3 14 5 0.999961
3 14 6 0.999964
3 15 0 1.0001
3 15 1 1.0001
3 15 2 1.0001
3 15 3 1.0001
3 15 4 1.0001
3 15 5 1.0001
3 15 6 1.0001
4 0 0 0.999856
4 0 1 0.999856
4 0 2 0.999856
4 0 3 0.999856
4 0 4 0.999856
4 0 5 0.999856
4 0 6 0.999856
4 1 0 1.00005
4 1 1 1.00005
4 1 2 1.00004
4 1 3 1.00005
4 1 4 1.00004
4 1 5 1.00005
4 1 6 1.00005
4 2 0 1.00253
4 2 1 1.00261
4 2 2 1.00261
4 2 3 1.00252
4 2 4 1.00261
4 2 5 1.00261
4 2 6 1.00253
4 3 0 1.00004
4 3 1 1.00016
4 3 2 1.00016
4 3 3 1.00004
4 3 4 1.00016
4 3 5 1.00016
4 3 6 1.00004
4 4 0 1.00033
4 4 1 1.00049
4 4 2 1.0005
4 4 3 1.00033
4 4 4 1.0005
4 4 5 1.00049
4 4 6 1.00033
4 5 0 1.0006
4 5 1 1.00118
4 5 2 1.00117
4 5 3 1.00069
4 5 4 1.00117
4 5 5 1.00118
4 5 6 1.0006
4 6 0 1.00105
4 6 1 1.00148
4 6 2 1.00147
4 6 3 1.00094
4 6 4 1.00147
4 6 5 1.00148
4 6 6 1.00105
4 7 0 1.00139
4 7 1 1.00166
4 7 2 1.00166
4 7 3 1.00134
4 7 4 1.00166
4 7 5 1.00166
4 7 6 1.00139
4 8 0 1.00139
4 8 1 1.00166
4 8 2 1.00166
4 8 3 1.00134
4 8 4 1.00166
4 8 5 1.00166
4 8 6 1.00139
4 9 0 1.00105
4 9 1 1.00148
4 9 2 1.00147
4 9 3 1.00094
4 9 4 1.00147
4 9 5 1.00148
4 9 6 1.00105
4 10 0 1.0006
4 10 1 1.00118
4 10 2 1.00117
4 10 3 1.00069
4 10 4 1.00117
4 10 5 1.00118
4 10 6 1.0006
4 11 0 1.00033
4 11 1 1.00049
4 11 2 1.0005
4 11 3 1.00033
4 11 4 1.0005
4 11 5 1.00049
4 11 6 1.00033
4 12 0 1.00004
4 12 1 1.00016
4 12 2 1.00016
4 12 3 1.00004
4 12 4 1.00016
4 12 5 1.00016
4 12 6 1.00004
4 13 0 1.00253
4 13 1 1.00261
4 13 2 1.00261
4 13 3 1.00252
4 13 4 1.00261
4 13 5 1.00261
4 13 6 1.00253
4 14 0 1.00005
4 14 1 1.00005
4 14 2 1.00004
4 14 3 1.00005
4 14 4 1.00004
4 14 5 1.00005
4 14 6 1.00005
4 15 0 0.999856
4 15 1 0.999856
4 15 2 0.999856
4 15 3 0.999856
4 15 4 0.999856
4 15 5 0.999856
4 15 6 0.999856
5 0 0 0.999941
5 0 1 0.999941
5 0 2 0.999941
5 0 3 0.999941
5 0 4 0.999941
5 0 5 0.999941
5 0 6 0.999941
5 1 0 1.00016
5 1 1 1.00018
5 1 2 1.00018
5 1 3 1.00018
5 1 4 1.00018
5 1 5 1.00018
5 1 6 1.00016
5 2 0 0.999954
5 2 1 1.00001
5 2 2 1.00001
5 2 3 0.999943
5 2 4 1.00001
5 2 5 1.00001
5 2 6 0.999954
5 3 0 1.00009
5 3 1 1.00018
5 3 2 1.00017
5 3 3 1.00006
5 3 4 1.00017
5 3 5 1.00018
5 3 6 1.00009
5 4 0 1.0003
5 4 1 1.00039
5 4 2 1.00039
5 4 3 1.00026
5 4 4 1.00039
5 4 5 1.00039
5 4 6 1.0003
5 5 0 1.0004
5 5 1 1.00052
5 5 2 1.00052
5 5 3 1.00039
5 5 4 1.00052
5 5 5 1.00052
5 5 6 1.0004
5 6 0 1.00048
5 6 1 1.00058
5 6 2 1.00058
5 6 3 1.0005
5 6 4 1.00058
5 6 5 1.00058
5 6 6 1.00048
5 7 0 1.0006
5 7 1 1.0007
5 7 2 1.0007
5 7 3 1.0006
5 7 4 1.0007
5 7 5 1.0007
5 7 6 1.0006
5 8 0 1.0006
5 8 1 1.0007
5 8 2 1.0007
5 8 3 1.0006
5 8 4 1.0007
5 8 5 1.0007
5 8 6 1.0006
5 9 0 1.00048
5 9 1 1.00058
5 9 2 1.00058
5 9 3 1.0005
5 9 4 1.00058
5 9 5 1.00058
5 9 6 1.00048
5 10 0 1.0004
5 10 1 1.00052
5 10 2 1.00052
5 10 3 1.00039
5 10 4 1.00052
5 10 5 1.00052
5 10 6 1.0004
5 11 0 1.0003
5 11 1 1.00039
5 11 2 1.00039
5 11 3 1.00026
5 11 4 1.00039
5 11 5 1.00039
5 11 6 1.0003
5 12 0 1.00009
5 12 1 1.00018
5 12 2 1.00017
5 12 3 1.00006
5 12 4 1.00017
5 12 5 1.00018
5 12 6 1.00009
5 13 0 0.999954
5 13 1 1.00001
5 13 2 1.00001
5 13 3 0.999943
5 13 4 1.00001
5 13 5 1.00001
5 13 6 0.999954
5 14 0 1.00016
5 14 1 1.00018
5 14 2 1.00018
5 14 3 1.00018
5 14 4 1.00018
5 14 5 1.00018
5 14 6 1.00016
5 15 0 0.999941
5 15 1 0.999941
5 15 2 0.999941
5 15 3 0.999941
5 15 4 0.999941
5 15 5 0.999941
5 15 6 0.999941
6 0 0 1.0001
6 0 1 1.0001
6 0 2 1.0001
6 0 3 1.0001
6 0 4 1.0001
6 0 5 1.0001
6 0 6 1.0001
6 1 0 1.00016
6 1 1 1.00017
6 1 2 1.00017
6 1 3 1.00017
6 1 4 1.00017
6 1 5 1.00017
6 1 6 1.00016
6 2 0 0.999965
6 2 1 0.999981
6 2 2 0.999981
6 2 3 0.999961
6 2 4 0.999981
6 2 5 0.999981
6 2 6 0.999965
6 3 0 1.00011
6 3 1 1.00014
6 3 2 1.00014
6 3 3 1.0001
6 3 4 1.00014
6 3 5 1.00014
6 3 6 1.00011
6 4 0 1.00017
6 4 1 1.00019
6 4 2 1.00019
6 4 3 1.00017
6 4 4 1.00019
6 4 5 1.00019
6 4 6 1.00017
6 5 0 1.00013
6 5 1 1.00017
6 5 2 1.00017
6 5 3 1.00013
6 5 4 1.00017
6 5 5 1.00017
6 5 6 1.00013
6 6 0 1.00011
6 6 1 1.00019
6 6 2 1.00019
6 6 3 1.00011
6 6 4 1.00019
6 6 5 1.00019
6 6 6 1.00011
6 7 0 1.00012
6 7 1 1.00019
6 7 2 1.00019
6 7 3 1.00013
6 7 4 1.00019
6 7 5 1.00019
6 7 6 1.00012
6 8 0 1.00012
6 8 1 1.00019
6 8 2 1.00019
6 8 3 1.00013
6 8 4 1.00019
6 8 5 1.00019
6 8 6 1.00012
6 9 0 1.00011
6 9 1 1.00019
6 9 2 1.00019
6 9 3 1.00011
6 9 4 1.00019
6 9 5 1.00019
6 9 6 1.00011
6 10 0 1.00013
6 10 1 1.00017
6 10 2 1.00017
6 10 3 1.00013
6 10 4 1.00017
6 10 5 1.00017
6 10 6 1.00013
6 11 0 1.00017
6 11 1 1.00019
6 11 2 1.00019
6 11 3 1.00017
6 11 4 1.00019
6 11 5 1.00019
6 11 6 1.00017
6 12 0 1.00011
6 12 1 1.00014
6 12 2 1.00014
6 12 3 1.0001
6 12 4 1.00014
6 12 5 1.00014
6 12 6 1.00011
6 13 0 0.999965
6 13 1 0.999981
6 13 2 0.999981
6 13 3 0.999961
6 13 4 0.999981
6 13 5 0.999981
6 13 6 0.999965
6 14 0 1.00016
6 14 1 1.00017
6 14 2 1.00017
6 14 3 1.00017
6 14 4 1.00017
6 14 5 1.00017
6 14 6 1.00016
6 15 0 1.0001
6 15 1 1.0001
6 15 2 1.0001
6 15 3 1.0001
6 15 4 1.0001
6 15 5 1.0001
6 15 6 1.0001
7 0 0 1.0001
7 0 1 1.0001
7 0 2 1.0001
7 0 3 1.0001
7 0 4 1.0001
7 0 5 1.0001
7 0 6 1.0001
7 1 0 1.0001
7 1 1 1.0001
7 1 2 1.0001
7 1 3 1.0001
7 1 4 1.0001
7 1 5 1.0001
7 1 6 1.0001
7 2 0 1.00005
7 2 1 1.00005
7 2 2 1.00005
7 2 3 1.00005
7 2 4 1.00005
7 2 5 1.00005
7 2 6 1.00005
7 3 0 1.00009
7 3 1 1.0001
7 3 2 1.0001
7 3 3 1.00009
7 3 4 1.0001
7 3 5 1.0001
7 3 6 1.00009
7 4 0 1.0001
7 4 1 1.00011
7 4 2 1.00011
7 4 3 1.0001
7 4 4 1.00011
7 4 5 1.00011
7 4 6 1.0001
7 5 0 1.00009
7 5 1 1.00009
7 5 2 1.00009
7 5 3 1.00009
7 5 4 1.00009
7 5 5 1.00009
7 5 6 1.00009
7 6 0 1.00009
7 6 1 1.00009
7 6 2 1.00009
7 6 3 1.00009
7 6 4 1.00009
7 6 5 1.00009
7 6 6 1.00009
7 7 0 1.00009
7 7 1 1.00008
7 7 2 1.00008
7 7 3 1.00009
7 7 4 1.00008
7 7 5 1.00008
7 7 6 1.00009
7 8 0 1.00009
7 8 1 1.00008
7 8 2 1.00008
7 8 3 1.00009
7 8 4 1.00008
7 8 5 1.00008
7 8 6 1.00009
7 9 0 1.00009
7 9 1 1.00009
7 9 2 1.00009
7 9 3 1.00009
7 9 4 1.00009
7 9 5 1.00009
7 9 6 1.00009
7 10 0 1.00009
7 10 1 1.00009
7 10 2 1.00009
7 10 3 1.00009
7 10 4 1.00009
7 10 5 1.00009
7 10 6 1.00009
7 11 0 1.0001
7 11 1 1.00011
7 11 2 1.00011
7 11 3 1.0001
7 11 4 1.00011
7 11 5 1.00011
7 11 6 1.0001
7 12 0 1.00009
7 12 1 1.0001
7 12 2 1.0001
7 12 3 1.00009
7 12 4 1.0001
7 12 5 1.0001
7 12 6 1.00009
7 13 0 1.00005
7 13 1 1.00005
7 13 2 1.00005
7 13 3 1.00005
7 13 4 1.00005
7 13 5 1.00005
7 13 6 1.00005
7 14 0 1.0001
7 14 1 1.0001
7 14 2 1.0001
7 14 3 1.0001
7 14 4 1.0001
7 14 5 1.0001
7 14 6 1.0001
7 15 0 1.0001
7 15 1 1.0001
7 15 2 1.0001
7 15 3 1.0001
7 15 4 1.0001
7 15 5 1.0001
7 15 6 1.0001
8 0 0 1.00009
8 0 1 1.00009
8 0 2 1.00009
8 0 3 1.00009
8 0 4 1.00009
8 0 5 1.00009
8 0 6 1.00009
8 1 0 1.00009
8 1 1 1.00009
8 1 2 1.00009
8 1 3 1.00009
8 1 4 1.00009
8 1 5 1.00009
8 1 6 1.00009
8 2 0 1.00008
8 2 1 1.00008
8 2 2 1.00008
8 2 3 1.00008
8 2 4 1.00008
8 2 5 1.00008
8 2 6 1.00008
8 3 0 1.00009
8 3 1 1.00009
8 3 2 1.00009
8 3 3 1.00009
8 3 4 1.00009
8 3 5 1.00009
8 3 6 1.00009
8 4 0 1.00009
8 4 1 1.00009
8 4 2 1.00009
8 4 3 1.00009
8 4 4 1.00009
8 4 5 1.00009
8 4 6 1.00009
8 5 0 1.00008
8 5 1 1.00008
8 5 2 1.00008
8 5 3 1.00008
8 5 4 1.00008
8 5 5 1.00008
8 5 6 1.00008
8 6 0 1.00009
8 6 1 1.00008
8 6 2 1.00008
8 6 3 1.00009
8 6 4 1.00008
8 6 5 1.00008
8 6 6 1.00009
8 7 0 1.00008
8 7 1 1.00008
8 7 2 1.00008
8 7 3 1.00008
8 7 4 1.00008
8 7 5 1.00008
8 7 6 1.00008
8 8 0 1.00008
8 8 1 1.00008
8 8 2 1.00008
8 8 3 1.00008
8 8 4 1.00008
8 8 5 1.00008
8 8 6 1.00008
8 9 0 1.00009
8 9 1 1.00008
8 9 2 1.00008
8 9 3 1.00009
8 9 4 1.00008
8 9 5 1.00008
8 9 6 1.00009
8 10 0 1.00008
8 10 1 1.00008
8 10 2 1.00008
8 10 3 1.00008
8 10 4 1.00008
8 10 5 1.00008
8 10 6 1.00008
8 11 0 1.00009
8 11 1 1.00009
8 11 2 1.00009
8 11 3 1.00009
8 11 4 1.00009
8 11 5 1.00009
8 11 6 1.00009
8 12 0 1.00009
8 12 1 1.00009
8 12 2 1.00009
8 12 3 1.00009
8 12 4 1.00009
8 12 5 1.00009
8 12 6 1.00009
8 13 0 1.00008
8 13 1 1.00008
8 13 2 1.00008
8 13 3 1.00008
8 13 4 1.00008
8 13 5 1.00008
8 13 6 1.00008
8 14 0 1.00009
8 14 1 1.00009
8 14 2 1.00009
8 14 3 1.00009
8 14 4 1.00009
8 14 5 1.00009
8 14 6 1.00009
8 15 0 1.00009
8 15 1 1.00009
8 15 2 1.00009
8 15 3 1.00009
8 15 4 1.00009
8 15 5 1.00009
8 15 6 1.00009
9 0 0 1.00009
9 0 1 1.00009
9 0 2 1.00009
9 0 3 1.00009
9 0 4 1.00009
9 0 5 1.00009
9 0 6 1.00009
9 1 0 1.00009
9 1 1 1.00009
9 1 2 1.00009
9 1 3 1.00009
9 1 4 1.00009
9 1 5 1.00009
9 1 6 1.00009
9 2 0 1.00008
9 2 1 1.00008
9 2 2 1.00008
9 2 3 1.00008
9 2 4 1.00008
9 2 5 1.00008
9 2 6 1.00008
9 3 0 1.00009
9 3 1 1.00009
9 3 2 1.00009
9 3 3 1.00009
9 3 4 1.00009
9 3 5 1.00009
9 3 6 1.00009
9 4 0 1.00009
9 4 1 1.00009
9 4 2 1.00009
9 4 3 1.00009
9 4 4 1.00009
9 4 5 1.00009
9 4 6 1.00009
9 5 0 1.00008
9 5 1 1.00008
9 5 2 1.00008
9 5 3 1.00008
9 5 4 1.00008
9 5 5 1.00008
9 5 6 1.00008
9 6 0 1.00008
9 6 1 1.00008
9 6 2 1.00008
9 6 3 1.00008
9 6 4 1.00008
9 6 5 1.00008
9 6 6 1.00008
9 7 0 1.00008
9 7 1 1.00008
9 7 2 1.00008
9 7 3 1.00008
9 7 4 1.00008
9 7 5 1.00008
9 7 6 1.00008
9 8 0 1.00008
9 8 1 1.00008
9 8 2 1.00008
9 8 3 1.00008
9 8 4 1.00008
9 8 5 1.00008
9 8 6 1.00008
9 9 0 1.00008
9 9 1 1.00008
9 9 2 1.00008
9 9 3 1.00008
9 9 4 1.00008
9 9 5 1.00008
9 9 6 1.00008
9 10 0 1.00008
9 10 1 1.00008
9 10 2 1.00008
9 10 3 1.00008
9 10 4 1.00008
9 10 5 1.00008
9 10 6 1.00008
9 11 0 1.00009
9 11 1 1.00009
9 11 2 1.00009
9 11 3 1.00009
9 11 4 1.00009
9 11 5 1.00009
9 11 6 1.00009
9 12 0 1.00009
9 12 1 1.00009
9 12 2 1.00009
9 12 3 1.00009
9 12 4 1.00009
9 12 5 1.00009
9 12 6 1.00009
9 13 0 1.00008
9 13 1 1.00008
9 13 2 1.00008
9 13 3 1.00008
9 13 4 1.00008
9 13 5 1.00008
9 13 6 1.00008
9 14 0 1.00009
9 14 1 1.00009
9 14 2 1.00009
9 14 3 1.00009
9 14 4 1.00009
9 14 5 1.00009
9 14 6 1.00009
9 15 0 1.00009
9 15 1 1.00009
9 15 2 1.00009
9 15 3 1.00009
9 15 4 1.00009
9 15 5 1.00009
9 15 6 1.00009
10 0 0 1.00009
10 0 1 1.00009
10 0 2 1.00009
10 0 3 1.00009
10 0 4 1.00009
10 0 5 1.00009
10 0 6 1.00009
10 1 0 1.00008
10 1 1 1.00008
10 1 2 1.00008
10 1 3 1.00008
10 1 4 1.00008
10 1 5 1.00008
10 1 6 1.00008
10 2 0 1.00008
10 2 1 1.00008
10 2 2 1.00008
10 2 3 1.00008
10 2 4 1.00008
10 2 5 1.00008
10 2 6 1.00008
10 3 0 1.00008
10 3 1 1.00008
10 3 2 1.00008
10 3 3 1.00008
10 3 4 1.00008
10 3 5 1.00008
10 3 6 1.00008
10 4 0 1.00008
10 4 1 1.00008
10 4 2 1.00008
10 4 3 1.00008
10 4 4 1.00008
10 4 5 1.00008
10 4 6 1.00008
10 5 0 1.00008
10 5 1 1.00008
10 5 2 1.00008
10 5 3 1.00008
10 5 4 1.00008
10 5 5 1.00008
10 5 6 1.00008
10 6 0 1.00008
10 6 1 1.00008
10 6 2 1.00008
10 6 3 1.00008
10 6 4 1.00008
10 6 5 1.00008
10 6 6 1.00008
10 7 0 1.00008
10 7 1 1.00008
10 7 2 1.00008
10 7 3 1.00008
10 7 4 1.00008
10 7 5 1.00008
10 7 6 1.00008
10 8 0 1.00008
10 8 1 1.00008
10 8 2 1.00008
10 8 3 1.00008
10 8 4 1.00008
10 8 5 1.00008
10 8 6 1.00008
10 9 0 1.00008
10 9 1 1.00008
10 9 2 1.00008
10 9 3 1.00008
10 9 4 1.00008
10 9 5 1.00008
10 9 6 1.00008
10 10 0 1.00008
10 10 1 1.00008
10 10 2 1.00008
10 10 3 1.00008
10 10 4 1.00008
10 10 5 1.00008
10 10 6 1.00008
10 11 0 1.00008
10 11 1 1.00008
10 11 2 1.00008
10 11 3 1.00008
10 11 4 1.00008
10 11 5 1.00008
10 11 6 1.00008
10 12 0 1.00008
10 12 1 1.00008
10 12 2 1.00008
10 12 3 1.00008
10 12 4 1.00008
10 12 5 1.00008
10 12 6 1.00008
10 13 0 1.00008
10 13 1 1.00008
10 13 2 1.00008
10 13 3 1.00008
10 13 4 1.00008
10 13 5 1.00008
10 13 6 1.00008
10 14 0 1.00008
10 14 1 1.00008
10 14 2 1.00008
10 14 3 1.00008
10 14 4 1.00008
10 14 5 1.00008
10 14 6 1.00008
10 15 0 1.00009
10 15 1 1.00009
10 15 2 1.00009
10 15 3 1.00009
10 15 4 1.00009
10 15 5 1.00009
10 15 6 1.00009
11 0 0 1.00008
11 0 1 1.00008
11 0 2 1.00008
11 0 3 1.00008
11 0 4 1.00008
11 0 5 1.00008
11 0 6 1.00008
11 1 0 1.00008
11 1 1 1.00008
11 1 2 1.00008
11 1 3 1.00008
11 1 4 1.00008
11 1 5 1.00008
11 1 6 1.00008
11 2 0 1.00008
11 2 1 1.00008
11 2 2 1.00008
11 2 3 1.00008
11 2 4 1.00008
11 2 5 1.00008
11 2 6 1.00008
11 3 0 1.00008
11 3 1 1.00008
11 3 2 1.00008
11 3 3 1.00008
11 3 4 1.00008
11 3 5 1.00008
11 3 6 1.00008
11 4 0 1.00008
11 4 1 1.00008
11 4 2 1.00008
11 4 3 1.00008
11 4 4 1.00008
11 4 5 1.00008
11 4 6 1.00008
11 5 0 1.00008
11 5 1 1.00008
11 5 2 1.00008
11 5 3 1.00008
11 5 4 1.00008
11 5 5 1.00008
11 5 6 1.00008
11 6 0 1.00008
11 6 1 1.00008
11 6 2 1.00008
11 6 3 1.00008
11 6 4 1.00008
11 6 5 1.00008
11 6 6 1.00008
11 7 0 1.00008
11 7 1 1.00008
11 7 2 1.00008
11 7 3 1.00008
11 7 4 1.00008
11 7 5 1.00008
11 7 6 1.00008
11 8 0 1.00008
11 8 1 1.00008
11 8 2 1.00008
11 8 3 1.00008
11 8 4 1.00008
11 8 5 1.00008
11 8 6 1.00008
11 9 0 1.00008
11 9 1 1.00008
11 9 2 1.00008
11 9 3 1.00008
11 9 4 1.00008
11 9 5 1.00008
11 9 6 1.00008
11 10 0 1.00008
11 10 1 1.00008
11 10 2 1.00008
11 10 3 1.00008
11 10 4 1.00008
11 10 5 1.00008
11 10 6 1.00008
11 11 0 1.00008
11 11 1 1.00008
11 11 2 1.00008
11 11 3 1.00008
11 11 4 1.00008
11 11 5 1.00008
11 11 6 1.00008
11 12 0 1.00008
11 12 1 1.00008
11 12 2 1.00008
11 12 3 1.00008
11 12 4 1.00008
11 12 5 1.00008
11 12 6 1.00008
11 13 0 1.00008
11 13 1 1.00008
11 13 2 1.00008
11 13 3 1.00008
11 13 4 1.00008
11 13 5 1.00008
11 13 6 1.00008
11 14 0 1.00008
11 14 1 1.00008
11 14 2 1.00008
11 14 3 1.00008
11 14 4 1.00008
11 14 5 1.00008
11 14 6 1.00008
11 15 0 1.00008
11 15 1 1.00008
11 15 2 1.00008
11 15 3 1.00008
11 15 4 1.00008
11 15 5 1.00008
11 15 6 1.00008
12 0 0 1.00008
12 0 1 1.00008
12 0 2 1.00008
12 0 3 1.00008
12 0 4 1.00008
12 0 5 1.00008
12 0 6 1.00008
12 1 0 1.00008
12 1 1 1.00008
12 1 2 1.00008
12 1 3 1.00008
12 1 4 1.00008
12 1 5 1.00008
12 1 6 1.00008
12 2 0 1.00008
12 2 1 1.00008
12 2 2 1.00008
12 2 3 1.00008
12 2 4 1.00008
12 2 5 1.00008
12 2 6 1.00008
12 3 0 1.00008
12 3 1 1.00008
12 3 2 1.00008
12 3 3 1.00008
12 3 4 1.00008
12 3 5 1.00008
12 3 6 1.00008
12 4 0 1.00008
12 4 1 1.00008
12 4 2 1.00008
12 4 3 1.00008
12 4 4 1.00008
12 4 5 1.00008
12 4 6 1.00008
12 5 0 1.00008
12 5 1 1.00008
12 5 2 1.00008
12 5 3 1.00008
12 5 4 1.00008
12 5 5 1.00008
12 5 6 1.00008
12 6 0 1.00008
12 6 1 1.00008
12 6 2 1.00008
12 6 3 1.00008
12 6 4 1.00008
12 6 5 1.00008
12 6 6 1.00008
12 7 0 1.00008
12 7 1 1.00008
12 7 2 1.00008
12 7 3 1.00008
12 7 4 1.00008
12 7 5 1.00008
12 7 6 1.00008
12 8 0 1.00008
12 8 1 1.00008
12 8 2 1.00008
12 8 3 1.00008
12 8 4 1.00008
12 8 5 1.00008
12 8 6 1.00008
12 9 0 1.00008
12 9 1 1.00008
12 9 2 1.00008
12 9 3 1.00008
12 9 4 1.00008
12 9 5 1.00008
12 9 6 1.00008
12 10 0 1.00008
12 10 1 1.00008
12 10 2 1.00008
12 10 3 1.00008
12 10 4 1.00008
12 10 5 1.00008
12 10 6 1.00008
12 11 0 1.00008
12 11 1 1.00008
12 11 2 1.00008
12 11 3 1.00008
12 11 4 1.00008
12 11 5 1.00008
12 11 6 1.00008
12 12 0 1.00008
12 12 1 1.00008
12 12 2 1.00008
12 12 3 1.00008
12 12 4 1.00008
12 12 5 1.00008
12 12 6 1.00008
12 13 0 1.00008
12 13 1 1.00008
12 13 2 1.00008
12 13 3 1.00008
12 13 4 1.00008
12 13 5 1.00008
12 13 6 1.00008
12 14 0 1.00008
12 14 1 1.00008
12 14 2 1.00008
12 14 3 1.00008
12 14 4 1.00008
12 14 5 1.00008
12 14 6 1.00008
12 15 0 1.00008
12 15 1 1.00008
12 15 2 1.00008
12 15 3 1.00008
12 15 4 1.00008
12 15 5 1.00008
12 15 6 1.00008
13 0 0 1.00008
13 0 1 1.00008
13 0 2 1.00008
13 0 3 1.00008
13 0 4 1.00008
13 0 5 1.00008
13 0 6 1.00008
13 1 0 1.00008
13 1 1 1.00008
13 1 2 1.00008
13 1 3 1.00008
13 1 4 1.00008
13 1 5 1.00008
13 1 6 1.00008
13 2 0 1.00008
13 2 1 1.00008
13 2 2 1.00008
13 2 3 1.00008
13 2 4 1.00008
13 2 5 1.00008
13 2 6 1.00008
13 3 0 1.00008
13 3 1 1.00008
13 3 2 1.00008
13 3 3 1.00008
13 3 4 1.00008
13 3 5 1.00008
13 3 6 1.00008
13 4 0 1.00008
13 4 1 1.00008
13 4 2 1.00008
13 4 3 1.00008
13 4 4 1.00008
13 4 5 1.00008
13 4 6 1.00008
13 5 0 1.00008
13 5 1 1.00008
13 5 2 1.00008
13 5 3 1.00008
13 5 4 1.00008
13 5 5 1.00008
13 5 6 1.00008
13 6 0 1.00008
13 6 1 1.00008
13 6 2 1.00008
13 6 3 1.00008
13 6 4 1.00008
13 6 5 1.00008
13 6 6 1.00008
13 7 0 1.00008
13 7 1 1.00008
13 7 2 1.00008
13 7 3 1.00008
13 7 4 1.00008
13 7 5 1.00008
13 7 6 1.00008
13 8 0 1.00008
13 8 1 1.00008
13 8 2 1.00008
13 8 3 1.00008
13 8 4 1.00008
13 8 5 1.00008
13 8 6 1.00008
13 9 0 1.00008
13 9 1 1.00008
13 9 2 1.00008
13 9 3 1.00008
13 9 4 1.00008
13 9 5 1.00008
13 9 6 1.00008
13 10 0 1.00008
13 10 1 1.00008
13 10 2 1.00008
13 10 3 1.00008
13 10 4 1.00008
13 10 5 1.00008
13 10 6 1.00008
13 11 0 1.00008
13 11 1 1.00008
13 11 2 1.00008
13 11 3 1.00008
13 11 4 1.00008
13 11 5 1.00008
13 11 6 1.00008
13 12 0 1.00008
13 12 1 1.00008
13 12 2 1.00008
13 12 3 1.00008
13 12 4 1.00008
13 12 5 1.00008
13 12 6 1.00008
13 13 0 1.00008
13 13 1 1.00008
13 13 2 1.00008
13 13 3 1.00008
13 13 4 1.00008
13 13 5 1.00008
13 13 6 1.00008
13 14 0 1.00008
13 14 1 1.00008
13 14 2 1.00008
13 14 3 1.00008
13 14 4 1.00008
13 14 5 1.00008
13 14 6 1.00008
13 15 0 1.00008
13 15 1 1.00008
13 15 2 1.00008
13 15 3 1.00008
13 15 4 1.00008
13 15 5 1.00008
13 15 6 1.00008
14 0 0 1.00008
14 0 1 1.00008
14 0 2 1.00008
14 0 3 1.00008
14 0 4 1.00008
14 0 5 1.00008
14 0 6 1.00008
14 1 0 1.00008
14 1 1 1.00008
14 1 2 1.00008
14 1 3 1.00008
14 1 4 1.00008
14 1 5 1.00008
14 1 6 1.00008
14 2 0 1.00008
14 2 1 1.00008
14 2 2 1.00008
14 2 3 1.00008
14 2 4 1.00008
14 2 5 1.00008
14 2 6 1.00008
14 3 0 1.00008
14 3 1 1.00008
14 3 2 1.00008
14 3 3 1.00008
14 3 4 1.00008
14 3 5 1.00008
14 3 6 1.00008
14 4 0 1.00008
14 4 1 1.00008
14 4 2 1.00008
14 4 3 1.00008
14 4 4 1.00008
14 4 5 1.00008
14 4 6 1.00008
14 5 0 1.00008
14 5 1 1.00008
14 5 2 1.00008
14 5 3 1.00008
14 5 4 1.00008
14 5 5 1.00008
14 5 6 1.00008
14 6 0 1.00008
14 6 1 1.00008
14 6 2 1.00008
14 6 3 1.00008
14 6 4 1.00008
14 6 5 1.00008
14 6 6 1.00008
14 7 0 1.00008
14 7 1 1.00008
14 7 2 1.00008
14 7 3 1.00008
14 7 4 1.00008
14 7 5 1.00008
14 7 6 1.00008
14 8 0 1.00008
14 8 1 1.00008
14 8 2 1.00008
14 8 3 1.00008
14 8 4 1.00008
14 8 5 1.00008
14 8 6 1.00008
14 9 0 1.00008
14 9 1 1.00008
14 9 2 1.00008
14 9 3 1.00008
14 9 4 1.00008
14 9 5 1.00008
14 9 6 1.00008
14 10 0 1.00008
14 10 1 1.00008
14 10 2 1.00008
14 10 3 1.00008
14 10 4 1.00008
14 10 5 1.00008
14 10 6 1.00008
14 11 0 1.00008
14 11 1 1.00008
14 11 2 1.00008
14 11 3 1.00008
14 11 4 1.00008
14 11 5 1.00008
14 11 6 1.00008
14 12 0 1.00008
14 12 1 1.00008
14 12 2 1.00008
14 12 3 1.00008
14 12 4 1.00008
14 12 5 1.00008
14 12 6 1.00008
14 13 0 1.00008
14 13 1 1.00008
14 13 2 1.00008
14 13 3 1.00008
14 13 4 1.00008
14 13 5 1.00008
14 13 6 1.00008
14 14 0 1.00008
14 14 1 1.00008
14 14 2 1.00008
14 14 3 1.00008
14 14 4 1.00008
14 14 5 1.00008
14 14 6 1.00008
14 15 0 1.00008
14 15 1 1.00008
14 15 2 1.00008
14 15 3 1.00008
14 15 4 1.00008
14 15 5 1.00008
14 15 6 1.00008
15 0 0 1.00008
15 0 1 1.00008
15 0 2 1.00008
15 0 3 1.00008
15 0 4 1.00008
15 0 5 1.00008
15 0 6 1.00008
15 1 0 1.00008
15 1 1 1.00008
15 1 2 1.00008
15 1 3 1.00008
15 1 4 1.00008
15 1 5 1.00008
15 1 6 1.00008
15 2 0 1.00008
15 2 1 1.00008
15 2 2 1.00008
15 2 3 1.00008
15 2 4 1.00008
15 2 5 1.00008
15 2 6 1.00008
15 3 0 1.00008
15 3 1 1.00008
15 3 2 1.00008
15 3 3 1.00008
15 3 4 1.00008
15 3 5 1.00008
15 3 6 1.00008
15 4 0 1.00008
15 4 1 1.00008
15 4 2 1.00008
15 4 3 1.00008
15 4 4 1.00008
15 4 5 1.00008
15 4 6 1.00008
15 5 0 1.00008
15 5 1 1.00008
15 5 2 1.00008
15 5 3 1.00008
15 5 4 1.00008
15 5 5 1.00008
15 5 6 1.00008
15 6 0 1.00008
15 6 1 1.00008
15 6 2 1.00008
15 6 3 1.00008
15 6 4 1.00008
15 6 5 1.00008
15 6 6 1.00008
15 7 0 1.00008
15 7 1 1.00008
15 7 2 1.00008
15 7 3 1.00008
15 7 4 1.00008
15 7 5 1.00008
15 7 6 1.00008
15 8 0 1.00008
15 8 1 1.00008
15 8 2 1.00008
15 8 3 1.00008
15 8 4 1.00008
15 8 5 1.00008
15 8 6 1.00008
15 9 0 1.00008
15 9 1 1.00008
15 9 2 1.00008
15 9 3 1.00008
15 9 4 1.00008
15 9 5 1.00008
15 9 6 1.00008
15 10 0 1.00008
15 10 1 1.00008
15 10 2 1.00008
15 10 3 1.00008
15 10 4 1.00008
15 10 5 1.00008
15 10 6 1.00008
15 11 0 1.00008
15 11 1 1.00008
15 11 2 1.00008
15 11 3 1.00008
15 11 4 1.00008
15 11 5 1.00008
15 11 6 1.00008
15 12 0 1.00008
15 12 1 1.00008
15 12 2 1.00008
15 12 3 1.00008
15 12 4 1.00008
15 12 5 1.00008
15 12 6 1.00008
15 13 0 1.00008
15 13 1 1.00008
15 13 2 1.00008
15 13 3 1.00008
15 13 4 1.00008
15 13 5 1.00008
15 13 6 1.00008
15 14 0 1.00008
15 14 1 1.00008
15 14 2 1.00008
15 14 3 1.00008
15 14 4 1.00008
15 14 5 1.00008
15 14 6 1.00008
15 15 0 1.00008
15 15 1 1.00008
15 15 2 1.00008
15 15 3 1.00008
15 15 4 1.00008
15 15 5 1.00008
15 15 6 1.00008
Cleaning up correlator class object
