0 2.17778 1.3564 1.21092 1.25311 1.20799 2.39035 2.19284 1.48628 1.39803 1.21117 1.17878 1.32911 1.23932 1.29582 1.13386 2.60906 2.27895 1.64586 1.61294 1.18983 1.11977 1.46119 1.28717 1 1.23837 
1 2.33629 1.35132 1.17223 1.24409 1.17973 2.58089 2.54973 1.42425 1.45048 1.19313 1.1807 1.29423 1.26415 1.25176 1.15366 2.68969 2.74897 1.69234 1.60716 1.0919 1.1293 1.36986 1.35058 1 1.29171 
2 2.95167 1.39589 1.22469 1.30831 1.24471 3.14239 2.95152 1.52732 1.48583 1.22038 1.19536 1.37954 1.30354 1.37403 1.20627 3.26257 2.85268 1.65776 1.70994 1.15307 1.12235 1.53053 1.35995 1 1.31275 
3 3.46008 1.42238 1.27697 1.42457 1.38632 3.87093 3.8016 1.57604 1.64182 1.20052 1.29094 1.47013 1.44529 1.56199 1.37999 3.29267 3.59263 1.52451 1.83531 1.18346 1.17459 1.66099 1.60014 1 1.61392 



0 2.17778 1.3564 1.21092 1.25311 1.20799 2.39035 2.19284 1.48628 1.39803 1.21117 1.17878 1.32911 1.23932 1.29582 1.13386 2.42326 2.11633 1.61734 1.58518 1.1596 1.09173 1.40923 1.24255 1 1.17918 
1 2.33629 1.35132 1.17223 1.24409 1.17973 2.58089 2.54973 1.42425 1.45048 1.19313 1.1807 1.29423 1.26415 1.25176 1.15366 2.43796 2.49489 1.65396 1.57114 1.05596 1.09293 1.30471 1.28985 1 1.20922 
2 2.95167 1.39589 1.22469 1.30831 1.24471 3.14239 2.95152 1.52732 1.48583 1.22038 1.19536 1.37954 1.30354 1.37403 1.20627 2.84416 2.50332 1.60885 1.6599 1.10302 1.0755 1.43036 1.27923 1 1.19756 
3 3.46008 1.42238 1.27697 1.42457 1.38632 3.87093 3.8016 1.57604 1.64182 1.20052 1.29094 1.47013 1.44529 1.56199 1.37999 2.70145 2.97084 1.45725 1.75818 1.10993 1.105 1.5015 1.46712 1 1.40587 



0 1.86672 1.30798 1.1477 1.16273 1.09137 2.05105 1.8817 1.43381 1.34868 1.14836 1.11759 1.23362 1.15073 1.17044 1.02492 2.23411 1.95143 1.58807 1.5561 1.12818 1.0614 1.35587 1.19518 1 1.11855 
1 1.90922 1.29062 1.09482 1.1314 1.03383 2.11068 2.09013 1.35977 1.38508 1.11442 1.10325 1.17639 1.14958 1.08933 1.01252 2.18937 2.24338 1.61328 1.53324 1.01793 1.05473 1.23617 1.22652 1 1.12423 
2 2.25352 1.31424 1.11997 1.15543 1.04126 2.40222 2.27026 1.43667 1.39831 1.11659 1.09369 1.21672 1.15046 1.133 1.01275 2.44007 2.16798 1.5576 1.60754 1.05047 1.02822 1.32175 1.19581 1 1.07803 
3 2.37885 1.30922 1.13039 1.19954 1.06884 2.63315 2.59111 1.44682 1.51091 1.06002 1.14147 1.23057 1.21766 1.15812 1.07375 2.1517 2.39726 1.37929 1.67477 1.03286 1.03579 1.3265 1.33407 1 1.19516 



0 2.18076 1.35717 1.21147 1.25363 1.20919 2.39295 2.19515 1.48766 1.399 1.21193 1.17942 1.32998 1.24013 1.29792 1.13484 2.42603 2.11905 1.61992 1.58714 1.16156 1.09234 1.41229 1.24375 1 1.18184 
1 2.34264 1.35369 1.17431 1.24641 1.18182 2.58745 2.55663 1.42656 1.45288 1.1952 1.18282 1.29654 1.26649 1.25327 1.1558 2.44221 2.49933 1.65592 1.5733 1.05737 1.09459 1.30589 1.29173 1 1.21036 
2 2.96641 1.40052 1.22938 1.31402 1.24762 3.15696 2.96797 1.53138 1.49015 1.22501 1.19981 1.3847 1.3087 1.372 1.21013 2.84176 2.50827 1.61179 1.66314 1.10471 1.07941 1.42578 1.28174 1 1.19361 
3 3.50907 1.43321 1.28961 1.44015 1.39324 3.91047 3.84502 1.58501 1.65397 1.21074 1.30297 1.48293 1.46151 1.54839 1.39059 2.69025 2.9774 1.45273 1.75989 1.11174 1.11152 1.48407 1.47383 1 1.39044 



0 2.17895 1.35692 1.21117 1.25321 1.20865 2.39114 2.19348 1.4874 1.39875 1.21164 1.17913 1.32954 1.23972 1.29736 1.13435 2.42519 2.11836 1.61977 1.587 1.16141 1.0922 1.41205 1.24353 1 1.18158 
1 2.33995 1.35336 1.17391 1.24584 1.1811 2.58473 2.55392 1.42622 1.45254 1.1948 1.18242 1.29596 1.26592 1.25252 1.15511 2.44108 2.49819 1.65572 1.57311 1.05718 1.0944 1.30558 1.29143 1 1.20999 
2 2.96154 1.40003 1.22879 1.31316 1.24654 3.15214 2.96343 1.53087 1.48965 1.22443 1.19924 1.38382 1.30786 1.37082 1.2091 2.8399 2.50659 1.61152 1.66286 1.10444 1.07915 1.4253 1.28131 1 1.19309 
3 3.49905 1.4324 1.28857 1.43855 1.39114 3.89988 3.83474 1.58413 1.65306 1.20978 1.30194 1.48132 1.45994 1.54601 1.38853 2.68707 2.97396 1.45233 1.75939 1.11129 1.11107 1.48322 1.47301 1 1.38982 



0 3.51926 1.48727 1.18412 1.24042 1.201 3.95262 3.61755 1.61801 1.52682 1.19669 1.1736 1.25696 1.18645 1.27948 1.12924 5 5 1.78495 1.75699 1.2421 1.15235 1.37193 1.1962 1 1.22729 
1 3.60019 1.46748 1.12943 1.20644 1.13736 4.06864 4.019 1.53461 1.5681 1.16125 1.15855 1.19848 1.18509 1.19139 1.11555 5 5 1.81356 1.73171 1.12172 1.14555 1.25024 1.22797 1 1.23243 
2 4.25044 1.49446 1.1551 1.23144 1.14498 4.63239 4.36664 1.62169 1.58343 1.16344 1.14854 1.23919 1.18585 1.23908 1.11563 5 5 1.75238 1.81618 1.15833 1.11771 1.33702 1.19763 1 1.18122 
3 4.48915 1.4891 1.16545 1.27747 1.17417 5 4.98495 1.63382 1.71123 1.10467 1.19868 1.25293 1.25462 1.26684 1.18239 5 5 1.55349 1.8936 1.14024 1.12653 1.34198 1.33699 1 1.30903 



