Fit FA02

   PI+P  Scattering Amplitudes(fm) at ACM =    0.00
     TLAB        ReF         ImF         ReG         ImG
    1.00 -0.9078E-01  0.5810E-03  0.0000E+00  0.0000E+00
    6.00 -0.8119E-01  0.2383E-02  0.0000E+00  0.0000E+00
   11.00 -0.5987E-01  0.4183E-02  0.0000E+00  0.0000E+00
   16.00 -0.3606E-01  0.6459E-02  0.0000E+00  0.0000E+00
   21.00 -0.1048E-01  0.9423E-02  0.0000E+00  0.0000E+00
   26.00  0.1673E-01  0.1325E-01  0.0000E+00  0.0000E+00
   31.00  0.4554E-01  0.1814E-01  0.0000E+00  0.0000E+00
   36.00  0.7601E-01  0.2427E-01  0.0000E+00  0.0000E+00
   41.00  0.1082E+00  0.3186E-01  0.0000E+00  0.0000E+00
   46.00  0.1421E+00  0.4118E-01  0.0000E+00  0.0000E+00
   51.00  0.1778E+00  0.5250E-01  0.0000E+00  0.0000E+00
   56.00  0.2154E+00  0.6616E-01  0.0000E+00  0.0000E+00
   61.00  0.2548E+00  0.8253E-01  0.0000E+00  0.0000E+00
   66.00  0.2963E+00  0.1021E+00  0.0000E+00  0.0000E+00
   71.00  0.3394E+00  0.1253E+00  0.0000E+00  0.0000E+00
   76.00  0.3841E+00  0.1526E+00  0.0000E+00  0.0000E+00
   81.00  0.4301E+00  0.1847E+00  0.0000E+00  0.0000E+00
   86.00  0.4772E+00  0.2223E+00  0.0000E+00  0.0000E+00
   91.00  0.5247E+00  0.2660E+00  0.0000E+00  0.0000E+00
   96.00  0.5724E+00  0.3168E+00  0.0000E+00  0.0000E+00
  101.00  0.6193E+00  0.3755E+00  0.0000E+00  0.0000E+00
  106.00  0.6643E+00  0.4429E+00  0.0000E+00  0.0000E+00
  111.00  0.7057E+00  0.5195E+00  0.0000E+00  0.0000E+00
  116.00  0.7417E+00  0.6055E+00  0.0000E+00  0.0000E+00
  121.00  0.7704E+00  0.7017E+00  0.0000E+00  0.0000E+00
  126.00  0.7892E+00  0.8077E+00  0.0000E+00  0.0000E+00
  131.00  0.7953E+00  0.9225E+00  0.0000E+00  0.0000E+00
  136.00  0.7858E+00  0.1044E+01  0.0000E+00  0.0000E+00
  141.00  0.7583E+00  0.1169E+01  0.0000E+00  0.0000E+00
  146.00  0.7111E+00  0.1294E+01  0.0000E+00  0.0000E+00
  151.00  0.6433E+00  0.1415E+01  0.0000E+00  0.0000E+00
  156.00  0.5556E+00  0.1526E+01  0.0000E+00  0.0000E+00
  161.00  0.4499E+00  0.1624E+01  0.0000E+00  0.0000E+00
  166.00  0.3294E+00  0.1705E+01  0.0000E+00  0.0000E+00
  171.00  0.1993E+00  0.1764E+01  0.0000E+00  0.0000E+00
  176.00  0.6464E-01  0.1801E+01  0.0000E+00  0.0000E+00
  181.00 -0.6958E-01  0.1817E+01  0.0000E+00  0.0000E+00
  186.00 -0.1992E+00  0.1813E+01  0.0000E+00  0.0000E+00
  191.00 -0.3213E+00  0.1793E+01  0.0000E+00  0.0000E+00
  196.00 -0.4328E+00  0.1758E+01  0.0000E+00  0.0000E+00
  201.00 -0.5325E+00  0.1712E+01  0.0000E+00  0.0000E+00
  206.00 -0.6200E+00  0.1659E+01  0.0000E+00  0.0000E+00
  211.00 -0.6956E+00  0.1601E+01  0.0000E+00  0.0000E+00
  216.00 -0.7600E+00  0.1539E+01  0.0000E+00  0.0000E+00
  221.00 -0.8141E+00  0.1477E+01  0.0000E+00  0.0000E+00
  226.00 -0.8590E+00  0.1415E+01  0.0000E+00  0.0000E+00
  231.00 -0.8957E+00  0.1354E+01  0.0000E+00  0.0000E+00
  236.00 -0.9253E+00  0.1295E+01  0.0000E+00  0.0000E+00
  241.00 -0.9488E+00  0.1238E+01  0.0000E+00  0.0000E+00
  246.00 -0.9670E+00  0.1184E+01  0.0000E+00  0.0000E+00
  251.00 -0.9808E+00  0.1133E+01  0.0000E+00  0.0000E+00
  256.00 -0.9908E+00  0.1084E+01  0.0000E+00  0.0000E+00
  261.00 -0.9976E+00  0.1038E+01  0.0000E+00  0.0000E+00
  266.00 -0.1002E+01  0.9947E+00  0.0000E+00  0.0000E+00
  271.00 -0.1003E+01  0.9540E+00  0.0000E+00  0.0000E+00
  276.00 -0.1003E+01  0.9157E+00  0.0000E+00  0.0000E+00
  281.00 -0.1002E+01  0.8797E+00  0.0000E+00  0.0000E+00
  286.00 -0.9986E+00  0.8459E+00  0.0000E+00  0.0000E+00
  291.00 -0.9945E+00  0.8142E+00  0.0000E+00  0.0000E+00
  296.00 -0.9894E+00  0.7844E+00  0.0000E+00  0.0000E+00
  301.00 -0.9836E+00  0.7563E+00  0.0000E+00  0.0000E+00
  306.00 -0.9771E+00  0.7298E+00  0.0000E+00  0.0000E+00
  311.00 -0.9701E+00  0.7048E+00  0.0000E+00  0.0000E+00
  316.00 -0.9626E+00  0.6813E+00  0.0000E+00  0.0000E+00
  321.00 -0.9548E+00  0.6591E+00  0.0000E+00  0.0000E+00
  326.00 -0.9466E+00  0.6381E+00  0.0000E+00  0.0000E+00
  331.00 -0.9382E+00  0.6183E+00  0.0000E+00  0.0000E+00
  336.00 -0.9296E+00  0.5995E+00  0.0000E+00  0.0000E+00
  341.00 -0.9209E+00  0.5818E+00  0.0000E+00  0.0000E+00
  346.00 -0.9120E+00  0.5650E+00  0.0000E+00  0.0000E+00
  351.00 -0.9031E+00  0.5491E+00  0.0000E+00  0.0000E+00
  356.00 -0.8940E+00  0.5340E+00  0.0000E+00  0.0000E+00
  361.00 -0.8849E+00  0.5196E+00  0.0000E+00  0.0000E+00
  366.00 -0.8758E+00  0.5060E+00  0.0000E+00  0.0000E+00
  371.00 -0.8666E+00  0.4930E+00  0.0000E+00  0.0000E+00
  376.00 -0.8574E+00  0.4807E+00  0.0000E+00  0.0000E+00
  381.00 -0.8482E+00  0.4689E+00  0.0000E+00  0.0000E+00
  386.00 -0.8389E+00  0.4577E+00  0.0000E+00  0.0000E+00
  391.00 -0.8297E+00  0.4470E+00  0.0000E+00  0.0000E+00
  396.00 -0.8205E+00  0.4368E+00  0.0000E+00  0.0000E+00

   PI+P  Scattering Amplitudes(fm) at ACM =    0.00
     TLAB        ReF         ImF         ReG         ImG
  400.00 -0.8131E+00  0.4290E+00  0.0000E+00  0.0000E+00
  420.00 -0.7762E+00  0.3940E+00  0.0000E+00  0.0000E+00
  440.00 -0.7395E+00  0.3650E+00  0.0000E+00  0.0000E+00
  460.00 -0.7028E+00  0.3411E+00  0.0000E+00  0.0000E+00
  480.00 -0.6660E+00  0.3216E+00  0.0000E+00  0.0000E+00
  500.00 -0.6293E+00  0.3062E+00  0.0000E+00  0.0000E+00
  520.00 -0.5926E+00  0.2944E+00  0.0000E+00  0.0000E+00
  540.00 -0.5559E+00  0.2860E+00  0.0000E+00  0.0000E+00
  560.00 -0.5193E+00  0.2808E+00  0.0000E+00  0.0000E+00
  580.00 -0.4826E+00  0.2784E+00  0.0000E+00  0.0000E+00
  600.00 -0.4458E+00  0.2788E+00  0.0000E+00  0.0000E+00
  620.00 -0.4085E+00  0.2822E+00  0.0000E+00  0.0000E+00
  640.00 -0.3704E+00  0.2890E+00  0.0000E+00  0.0000E+00
  660.00 -0.3315E+00  0.3000E+00  0.0000E+00  0.0000E+00
  680.00 -0.2922E+00  0.3167E+00  0.0000E+00  0.0000E+00
  700.00 -0.2545E+00  0.3406E+00  0.0000E+00  0.0000E+00
  720.00 -0.2218E+00  0.3721E+00  0.0000E+00  0.0000E+00
  740.00 -0.1980E+00  0.4085E+00  0.0000E+00  0.0000E+00
  760.00 -0.1845E+00  0.4449E+00  0.0000E+00  0.0000E+00
  780.00 -0.1789E+00  0.4768E+00  0.0000E+00  0.0000E+00
  800.00 -0.1774E+00  0.5021E+00  0.0000E+00  0.0000E+00
  820.00 -0.1765E+00  0.5214E+00  0.0000E+00  0.0000E+00
  840.00 -0.1738E+00  0.5362E+00  0.0000E+00  0.0000E+00
  860.00 -0.1685E+00  0.5483E+00  0.0000E+00  0.0000E+00
  880.00 -0.1603E+00  0.5591E+00  0.0000E+00  0.0000E+00
  900.00 -0.1492E+00  0.5699E+00  0.0000E+00  0.0000E+00
  920.00 -0.1355E+00  0.5817E+00  0.0000E+00  0.0000E+00
  940.00 -0.1196E+00  0.5953E+00  0.0000E+00  0.0000E+00
  960.00 -0.1022E+00  0.6112E+00  0.0000E+00  0.0000E+00
  980.00 -0.8366E-01  0.6299E+00  0.0000E+00  0.0000E+00
 1000.00 -0.6454E-01  0.6491E+00  0.0000E+00  0.0000E+00
 1020.00 -0.4589E-01  0.6746E+00  0.0000E+00  0.0000E+00
 1040.00 -0.2824E-01  0.7037E+00  0.0000E+00  0.0000E+00
 1060.00 -0.1240E-01  0.7366E+00  0.0000E+00  0.0000E+00
 1080.00  0.7607E-03  0.7732E+00  0.0000E+00  0.0000E+00
 1100.00  0.1033E-01  0.8131E+00  0.0000E+00  0.0000E+00
 1120.00  0.1536E-01  0.8559E+00  0.0000E+00  0.0000E+00
 1140.00  0.1493E-01  0.9007E+00  0.0000E+00  0.0000E+00
 1160.00  0.8269E-02  0.9466E+00  0.0000E+00  0.0000E+00
 1180.00 -0.5180E-02  0.9921E+00  0.0000E+00  0.0000E+00
 1200.00 -0.2557E-01  0.1036E+01  0.0000E+00  0.0000E+00
 1220.00 -0.5255E-01  0.1075E+01  0.0000E+00  0.0000E+00
 1240.00 -0.8521E-01  0.1110E+01  0.0000E+00  0.0000E+00
 1260.00 -0.1221E+00  0.1138E+01  0.0000E+00  0.0000E+00
 1280.00 -0.1614E+00  0.1158E+01  0.0000E+00  0.0000E+00
 1300.00 -0.2011E+00  0.1170E+01  0.0000E+00  0.0000E+00
 1320.00 -0.2395E+00  0.1176E+01  0.0000E+00  0.0000E+00
 1340.00 -0.2751E+00  0.1174E+01  0.0000E+00  0.0000E+00
 1360.00 -0.3068E+00  0.1168E+01  0.0000E+00  0.0000E+00
 1380.00 -0.3342E+00  0.1158E+01  0.0000E+00  0.0000E+00
 1400.00 -0.3569E+00  0.1146E+01  0.0000E+00  0.0000E+00
 1420.00 -0.3752E+00  0.1132E+01  0.0000E+00  0.0000E+00
 1440.00 -0.3893E+00  0.1117E+01  0.0000E+00  0.0000E+00
 1460.00 -0.3995E+00  0.1102E+01  0.0000E+00  0.0000E+00
 1480.00 -0.4065E+00  0.1088E+01  0.0000E+00  0.0000E+00
 1500.00 -0.4105E+00  0.1074E+01  0.0000E+00  0.0000E+00
 1520.00 -0.4120E+00  0.1062E+01  0.0000E+00  0.0000E+00
 1540.00 -0.4113E+00  0.1050E+01  0.0000E+00  0.0000E+00
 1560.00 -0.4088E+00  0.1040E+01  0.0000E+00  0.0000E+00
 1580.00 -0.4048E+00  0.1031E+01  0.0000E+00  0.0000E+00
 1600.00 -0.3995E+00  0.1024E+01  0.0000E+00  0.0000E+00
 1620.00 -0.3931E+00  0.1018E+01  0.0000E+00  0.0000E+00
 1640.00 -0.3858E+00  0.1013E+01  0.0000E+00  0.0000E+00
 1660.00 -0.3778E+00  0.1009E+01  0.0000E+00  0.0000E+00
 1680.00 -0.3691E+00  0.1006E+01  0.0000E+00  0.0000E+00
 1700.00 -0.3601E+00  0.1005E+01  0.0000E+00  0.0000E+00
 1720.00 -0.3506E+00  0.1005E+01  0.0000E+00  0.0000E+00
 1740.00 -0.3409E+00  0.1005E+01  0.0000E+00  0.0000E+00
 1760.00 -0.3309E+00  0.1007E+01  0.0000E+00  0.0000E+00
 1780.00 -0.3209E+00  0.1010E+01  0.0000E+00  0.0000E+00
 1800.00 -0.3108E+00  0.1014E+01  0.0000E+00  0.0000E+00
 1820.00 -0.3006E+00  0.1018E+01  0.0000E+00  0.0000E+00
 1840.00 -0.2906E+00  0.1024E+01  0.0000E+00  0.0000E+00
 1860.00 -0.2806E+00  0.1030E+01  0.0000E+00  0.0000E+00
 1880.00 -0.2707E+00  0.1037E+01  0.0000E+00  0.0000E+00
 1900.00 -0.2610E+00  0.1045E+01  0.0000E+00  0.0000E+00
 1920.00 -0.2514E+00  0.1053E+01  0.0000E+00  0.0000E+00
 1940.00 -0.2421E+00  0.1063E+01  0.0000E+00  0.0000E+00
 1960.00 -0.2329E+00  0.1072E+01  0.0000E+00  0.0000E+00
 1980.00 -0.2240E+00  0.1083E+01  0.0000E+00  0.0000E+00
 2000.00 -0.2154E+00  0.1094E+01  0.0000E+00  0.0000E+00

   PI-P  Scattering Amplitudes(fm) at ACM =    0.00
     TLAB        ReF         ImF         ReG         ImG
    1.00  0.1597E+00  0.2480E-02  0.0000E+00  0.0000E+00
    6.00  0.1402E+00  0.8810E-02  0.0000E+00  0.0000E+00
   11.00  0.1375E+00  0.1198E-01  0.0000E+00  0.0000E+00
   16.00  0.1376E+00  0.1458E-01  0.0000E+00  0.0000E+00
   21.00  0.1395E+00  0.1706E-01  0.0000E+00  0.0000E+00
   26.00  0.1427E+00  0.1963E-01  0.0000E+00  0.0000E+00
   31.00  0.1472E+00  0.2242E-01  0.0000E+00  0.0000E+00
   36.00  0.1527E+00  0.2555E-01  0.0000E+00  0.0000E+00
   41.00  0.1594E+00  0.2912E-01  0.0000E+00  0.0000E+00
   46.00  0.1671E+00  0.3324E-01  0.0000E+00  0.0000E+00
   51.00  0.1758E+00  0.3802E-01  0.0000E+00  0.0000E+00
   56.00  0.1855E+00  0.4359E-01  0.0000E+00  0.0000E+00
   61.00  0.1961E+00  0.5007E-01  0.0000E+00  0.0000E+00
   66.00  0.2077E+00  0.5763E-01  0.0000E+00  0.0000E+00
   71.00  0.2201E+00  0.6640E-01  0.0000E+00  0.0000E+00
   76.00  0.2333E+00  0.7659E-01  0.0000E+00  0.0000E+00
   81.00  0.2472E+00  0.8839E-01  0.0000E+00  0.0000E+00
   86.00  0.2616E+00  0.1020E+00  0.0000E+00  0.0000E+00
   91.00  0.2766E+00  0.1178E+00  0.0000E+00  0.0000E+00
   96.00  0.2915E+00  0.1359E+00  0.0000E+00  0.0000E+00
  101.00  0.3062E+00  0.1564E+00  0.0000E+00  0.0000E+00
  106.00  0.3202E+00  0.1797E+00  0.0000E+00  0.0000E+00
  111.00  0.3331E+00  0.2060E+00  0.0000E+00  0.0000E+00
  116.00  0.3443E+00  0.2354E+00  0.0000E+00  0.0000E+00
  121.00  0.3530E+00  0.2677E+00  0.0000E+00  0.0000E+00
  126.00  0.3585E+00  0.3027E+00  0.0000E+00  0.0000E+00
  131.00  0.3600E+00  0.3401E+00  0.0000E+00  0.0000E+00
  136.00  0.3568E+00  0.3792E+00  0.0000E+00  0.0000E+00
  141.00  0.3482E+00  0.4191E+00  0.0000E+00  0.0000E+00
  146.00  0.3337E+00  0.4587E+00  0.0000E+00  0.0000E+00
  151.00  0.3132E+00  0.4968E+00  0.0000E+00  0.0000E+00
  156.00  0.2869E+00  0.5318E+00  0.0000E+00  0.0000E+00
  161.00  0.2556E+00  0.5624E+00  0.0000E+00  0.0000E+00
  166.00  0.2204E+00  0.5873E+00  0.0000E+00  0.0000E+00
  171.00  0.1824E+00  0.6062E+00  0.0000E+00  0.0000E+00
  176.00  0.1432E+00  0.6186E+00  0.0000E+00  0.0000E+00
  181.00  0.1042E+00  0.6246E+00  0.0000E+00  0.0000E+00
  186.00  0.6667E-01  0.6247E+00  0.0000E+00  0.0000E+00
  191.00  0.3172E-01  0.6196E+00  0.0000E+00  0.0000E+00
  196.00  0.3418E-04  0.6101E+00  0.0000E+00  0.0000E+00
  201.00 -0.2794E-01  0.5972E+00  0.0000E+00  0.0000E+00
  206.00 -0.5203E-01  0.5819E+00  0.0000E+00  0.0000E+00
  211.00 -0.7225E-01  0.5649E+00  0.0000E+00  0.0000E+00
  216.00 -0.8881E-01  0.5469E+00  0.0000E+00  0.0000E+00
  221.00 -0.1019E+00  0.5285E+00  0.0000E+00  0.0000E+00
  226.00 -0.1118E+00  0.5102E+00  0.0000E+00  0.0000E+00
  231.00 -0.1188E+00  0.4922E+00  0.0000E+00  0.0000E+00
  236.00 -0.1234E+00  0.4749E+00  0.0000E+00  0.0000E+00
  241.00 -0.1257E+00  0.4584E+00  0.0000E+00  0.0000E+00
  246.00 -0.1260E+00  0.4429E+00  0.0000E+00  0.0000E+00
  251.00 -0.1247E+00  0.4283E+00  0.0000E+00  0.0000E+00
  256.00 -0.1219E+00  0.4148E+00  0.0000E+00  0.0000E+00
  261.00 -0.1178E+00  0.4025E+00  0.0000E+00  0.0000E+00
  266.00 -0.1126E+00  0.3912E+00  0.0000E+00  0.0000E+00
  271.00 -0.1065E+00  0.3811E+00  0.0000E+00  0.0000E+00
  276.00 -0.9958E-01  0.3720E+00  0.0000E+00  0.0000E+00
  281.00 -0.9200E-01  0.3640E+00  0.0000E+00  0.0000E+00
  286.00 -0.8387E-01  0.3570E+00  0.0000E+00  0.0000E+00
  291.00 -0.7528E-01  0.3511E+00  0.0000E+00  0.0000E+00
  296.00 -0.6632E-01  0.3461E+00  0.0000E+00  0.0000E+00
  301.00 -0.5709E-01  0.3421E+00  0.0000E+00  0.0000E+00
  306.00 -0.4767E-01  0.3391E+00  0.0000E+00  0.0000E+00
  311.00 -0.3813E-01  0.3370E+00  0.0000E+00  0.0000E+00
  316.00 -0.2855E-01  0.3357E+00  0.0000E+00  0.0000E+00
  321.00 -0.1899E-01  0.3353E+00  0.0000E+00  0.0000E+00
  326.00 -0.9544E-02  0.3357E+00  0.0000E+00  0.0000E+00
  331.00 -0.2549E-03  0.3368E+00  0.0000E+00  0.0000E+00
  336.00  0.8812E-02  0.3386E+00  0.0000E+00  0.0000E+00
  341.00  0.1760E-01  0.3410E+00  0.0000E+00  0.0000E+00
  346.00  0.2608E-01  0.3440E+00  0.0000E+00  0.0000E+00
  351.00  0.3421E-01  0.3475E+00  0.0000E+00  0.0000E+00
  356.00  0.4197E-01  0.3513E+00  0.0000E+00  0.0000E+00
  361.00  0.4936E-01  0.3555E+00  0.0000E+00  0.0000E+00
  366.00  0.5635E-01  0.3600E+00  0.0000E+00  0.0000E+00
  371.00  0.6299E-01  0.3646E+00  0.0000E+00  0.0000E+00
  376.00  0.6929E-01  0.3694E+00  0.0000E+00  0.0000E+00
  381.00  0.7528E-01  0.3742E+00  0.0000E+00  0.0000E+00
  386.00  0.8101E-01  0.3791E+00  0.0000E+00  0.0000E+00
  391.00  0.8653E-01  0.3838E+00  0.0000E+00  0.0000E+00
  396.00  0.9190E-01  0.3886E+00  0.0000E+00  0.0000E+00

   PI-P  Scattering Amplitudes(fm) at ACM =    0.00
     TLAB        ReF         ImF         ReG         ImG
  400.00  0.9612E-01  0.3923E+00  0.0000E+00  0.0000E+00
  420.00  0.1173E+00  0.4101E+00  0.0000E+00  0.0000E+00
  440.00  0.1410E+00  0.4276E+00  0.0000E+00  0.0000E+00
  460.00  0.1689E+00  0.4476E+00  0.0000E+00  0.0000E+00
  480.00  0.2013E+00  0.4737E+00  0.0000E+00  0.0000E+00
  500.00  0.2367E+00  0.5098E+00  0.0000E+00  0.0000E+00
  520.00  0.2714E+00  0.5603E+00  0.0000E+00  0.0000E+00
  540.00  0.2983E+00  0.6292E+00  0.0000E+00  0.0000E+00
  560.00  0.3027E+00  0.7281E+00  0.0000E+00  0.0000E+00
  580.00  0.2503E+00  0.8068E+00  0.0000E+00  0.0000E+00
  600.00  0.1752E+00  0.8529E+00  0.0000E+00  0.0000E+00
  620.00  0.9883E-01  0.8505E+00  0.0000E+00  0.0000E+00
  640.00  0.5256E-01  0.8106E+00  0.0000E+00  0.0000E+00
  660.00  0.4862E-01  0.7608E+00  0.0000E+00  0.0000E+00
  680.00  0.8006E-01  0.7239E+00  0.0000E+00  0.0000E+00
  700.00  0.1333E+00  0.7114E+00  0.0000E+00  0.0000E+00
  720.00  0.1955E+00  0.7271E+00  0.0000E+00  0.0000E+00
  740.00  0.2559E+00  0.7705E+00  0.0000E+00  0.0000E+00
  760.00  0.3057E+00  0.8391E+00  0.0000E+00  0.0000E+00
  780.00  0.3368E+00  0.9292E+00  0.0000E+00  0.0000E+00
  800.00  0.3411E+00  0.1035E+01  0.0000E+00  0.0000E+00
  820.00  0.3109E+00  0.1148E+01  0.0000E+00  0.0000E+00
  840.00  0.2418E+00  0.1252E+01  0.0000E+00  0.0000E+00
  860.00  0.1375E+00  0.1329E+01  0.0000E+00  0.0000E+00
  880.00  0.1320E-01  0.1363E+01  0.0000E+00  0.0000E+00
  900.00 -0.1076E+00  0.1350E+01  0.0000E+00  0.0000E+00
  920.00 -0.2039E+00  0.1300E+01  0.0000E+00  0.0000E+00
  940.00 -0.2666E+00  0.1230E+01  0.0000E+00  0.0000E+00
  960.00 -0.2974E+00  0.1159E+01  0.0000E+00  0.0000E+00
  980.00 -0.3038E+00  0.1096E+01  0.0000E+00  0.0000E+00
 1000.00 -0.2942E+00  0.1047E+01  0.0000E+00  0.0000E+00
 1020.00 -0.2751E+00  0.1009E+01  0.0000E+00  0.0000E+00
 1040.00 -0.2516E+00  0.9833E+00  0.0000E+00  0.0000E+00
 1060.00 -0.2270E+00  0.9675E+00  0.0000E+00  0.0000E+00
 1080.00 -0.2037E+00  0.9600E+00  0.0000E+00  0.0000E+00
 1100.00 -0.1827E+00  0.9587E+00  0.0000E+00  0.0000E+00
 1120.00 -0.1647E+00  0.9621E+00  0.0000E+00  0.0000E+00
 1140.00 -0.1499E+00  0.9686E+00  0.0000E+00  0.0000E+00
 1160.00 -0.1383E+00  0.9772E+00  0.0000E+00  0.0000E+00
 1180.00 -0.1297E+00  0.9870E+00  0.0000E+00  0.0000E+00
 1200.00 -0.1239E+00  0.9970E+00  0.0000E+00  0.0000E+00
 1220.00 -0.1205E+00  0.1007E+01  0.0000E+00  0.0000E+00
 1240.00 -0.1190E+00  0.1016E+01  0.0000E+00  0.0000E+00
 1260.00 -0.1190E+00  0.1023E+01  0.0000E+00  0.0000E+00
 1280.00 -0.1198E+00  0.1030E+01  0.0000E+00  0.0000E+00
 1300.00 -0.1208E+00  0.1035E+01  0.0000E+00  0.0000E+00
 1320.00 -0.1216E+00  0.1038E+01  0.0000E+00  0.0000E+00
 1340.00 -0.1216E+00  0.1040E+01  0.0000E+00  0.0000E+00
 1360.00 -0.1208E+00  0.1042E+01  0.0000E+00  0.0000E+00
 1380.00 -0.1189E+00  0.1044E+01  0.0000E+00  0.0000E+00
 1400.00 -0.1160E+00  0.1046E+01  0.0000E+00  0.0000E+00
 1420.00 -0.1123E+00  0.1048E+01  0.0000E+00  0.0000E+00
 1440.00 -0.1078E+00  0.1050E+01  0.0000E+00  0.0000E+00
 1460.00 -0.1027E+00  0.1054E+01  0.0000E+00  0.0000E+00
 1480.00 -0.9729E-01  0.1058E+01  0.0000E+00  0.0000E+00
 1500.00 -0.9172E-01  0.1063E+01  0.0000E+00  0.0000E+00
 1520.00 -0.8617E-01  0.1069E+01  0.0000E+00  0.0000E+00
 1540.00 -0.8079E-01  0.1076E+01  0.0000E+00  0.0000E+00
 1560.00 -0.7572E-01  0.1084E+01  0.0000E+00  0.0000E+00
 1580.00 -0.7108E-01  0.1092E+01  0.0000E+00  0.0000E+00
 1600.00 -0.6696E-01  0.1102E+01  0.0000E+00  0.0000E+00
 1620.00 -0.6345E-01  0.1112E+01  0.0000E+00  0.0000E+00
 1640.00 -0.6060E-01  0.1122E+01  0.0000E+00  0.0000E+00
 1660.00 -0.5847E-01  0.1133E+01  0.0000E+00  0.0000E+00
 1680.00 -0.5711E-01  0.1145E+01  0.0000E+00  0.0000E+00
 1700.00 -0.5653E-01  0.1156E+01  0.0000E+00  0.0000E+00
 1720.00 -0.5677E-01  0.1168E+01  0.0000E+00  0.0000E+00
 1740.00 -0.5783E-01  0.1181E+01  0.0000E+00  0.0000E+00
 1760.00 -0.5974E-01  0.1193E+01  0.0000E+00  0.0000E+00
 1780.00 -0.6248E-01  0.1206E+01  0.0000E+00  0.0000E+00
 1800.00 -0.6606E-01  0.1218E+01  0.0000E+00  0.0000E+00
 1820.00 -0.7049E-01  0.1231E+01  0.0000E+00  0.0000E+00
 1840.00 -0.7576E-01  0.1244E+01  0.0000E+00  0.0000E+00
 1860.00 -0.8185E-01  0.1256E+01  0.0000E+00  0.0000E+00
 1880.00 -0.8877E-01  0.1269E+01  0.0000E+00  0.0000E+00
 1900.00 -0.9649E-01  0.1281E+01  0.0000E+00  0.0000E+00
 1920.00 -0.1050E+00  0.1293E+01  0.0000E+00  0.0000E+00
 1940.00 -0.1143E+00  0.1305E+01  0.0000E+00  0.0000E+00
 1960.00 -0.1244E+00  0.1317E+01  0.0000E+00  0.0000E+00
 1980.00 -0.1352E+00  0.1328E+01  0.0000E+00  0.0000E+00
 2000.00 -0.1467E+00  0.1340E+01  0.0000E+00  0.0000E+00

Fit Karlsruhe KH80

    KH80   KARLSRUHE (1980) SOLUTION .02-10 GEV/C ARNDT 2/86        
   PI+P  Scattering Amplitudes(fm) at ACM =    0.00
     TLAB        ReF         ImF         ReG         ImG
 1800.00 -0.3932E+00  0.1016E+01  0.0000E+00  0.0000E+00
 1850.00 -0.3670E+00  0.1028E+01  0.0000E+00  0.0000E+00
 1900.00 -0.3672E+00  0.1031E+01  0.0000E+00  0.0000E+00
 1950.00 -0.3441E+00  0.1048E+01  0.0000E+00  0.0000E+00
 2000.00 -0.3332E+00  0.1064E+01  0.0000E+00  0.0000E+00
 2050.00 -0.3201E+00  0.1086E+01  0.0000E+00  0.0000E+00
 2100.00 -0.3136E+00  0.1111E+01  0.0000E+00  0.0000E+00
 2150.00 -0.3103E+00  0.1135E+01  0.0000E+00  0.0000E+00
 2200.00 -0.3095E+00  0.1161E+01  0.0000E+00  0.0000E+00
 2250.00 -0.3193E+00  0.1182E+01  0.0000E+00  0.0000E+00
 2300.00 -0.3296E+00  0.1202E+01  0.0000E+00  0.0000E+00
 2350.00 -0.3429E+00  0.1220E+01  0.0000E+00  0.0000E+00
 2400.00 -0.3587E+00  0.1235E+01  0.0000E+00  0.0000E+00
 2450.00 -0.3727E+00  0.1247E+01  0.0000E+00  0.0000E+00
 2500.00 -0.3852E+00  0.1257E+01  0.0000E+00  0.0000E+00
 2550.00 -0.3971E+00  0.1267E+01  0.0000E+00  0.0000E+00
 2600.00 -0.4084E+00  0.1277E+01  0.0000E+00  0.0000E+00
 2650.00 -0.4152E+00  0.1284E+01  0.0000E+00  0.0000E+00
 2700.00 -0.4203E+00  0.1289E+01  0.0000E+00  0.0000E+00
 2750.00 -0.4253E+00  0.1294E+01  0.0000E+00  0.0000E+00
 2800.00 -0.4301E+00  0.1299E+01  0.0000E+00  0.0000E+00
 2850.00 -0.4347E+00  0.1305E+01  0.0000E+00  0.0000E+00
 2900.00 -0.4361E+00  0.1311E+01  0.0000E+00  0.0000E+00
 2950.00 -0.4364E+00  0.1317E+01  0.0000E+00  0.0000E+00
 3000.00 -0.4366E+00  0.1324E+01  0.0000E+00  0.0000E+00
 3050.00 -0.4368E+00  0.1331E+01  0.0000E+00  0.0000E+00
 3100.00 -0.4369E+00  0.1337E+01  0.0000E+00  0.0000E+00
 3150.00 -0.4371E+00  0.1344E+01  0.0000E+00  0.0000E+00
 3200.00 -0.4372E+00  0.1350E+01  0.0000E+00  0.0000E+00
 3250.00 -0.4373E+00  0.1356E+01  0.0000E+00  0.0000E+00
 3300.00 -0.4390E+00  0.1365E+01  0.0000E+00  0.0000E+00
 3350.00 -0.4412E+00  0.1373E+01  0.0000E+00  0.0000E+00
 3400.00 -0.4435E+00  0.1382E+01  0.0000E+00  0.0000E+00
 3450.00 -0.4456E+00  0.1390E+01  0.0000E+00  0.0000E+00
 3500.00 -0.4477E+00  0.1399E+01  0.0000E+00  0.0000E+00
 3550.00 -0.4499E+00  0.1406E+01  0.0000E+00  0.0000E+00
 3600.00 -0.4521E+00  0.1413E+01  0.0000E+00  0.0000E+00
 3650.00 -0.4542E+00  0.1420E+01  0.0000E+00  0.0000E+00
 3700.00 -0.4561E+00  0.1426E+01  0.0000E+00  0.0000E+00
 3750.00 -0.4580E+00  0.1433E+01  0.0000E+00  0.0000E+00
 3800.00 -0.4598E+00  0.1440E+01  0.0000E+00  0.0000E+00
 3850.00 -0.4616E+00  0.1446E+01  0.0000E+00  0.0000E+00
 3900.00 -0.4621E+00  0.1453E+01  0.0000E+00  0.0000E+00
 3950.00 -0.4622E+00  0.1459E+01  0.0000E+00  0.0000E+00
 4000.00 -0.4623E+00  0.1466E+01  0.0000E+00  0.0000E+00

    KH80   KARLSRUHE (1980) SOLUTION .02-10 GEV/C ARNDT 2/86        
   PI-P  Scattering Amplitudes(fm) at ACM =    0.00
     TLAB        ReF         ImF         ReG         ImG
 1800.00 -0.1088E+00  0.1239E+01  0.0000E+00  0.0000E+00
 1850.00 -0.1259E+00  0.1271E+01  0.0000E+00  0.0000E+00
 1900.00 -0.1481E+00  0.1288E+01  0.0000E+00  0.0000E+00
 1950.00 -0.1636E+00  0.1304E+01  0.0000E+00  0.0000E+00
 2000.00 -0.1778E+00  0.1313E+01  0.0000E+00  0.0000E+00
 2050.00 -0.1945E+00  0.1325E+01  0.0000E+00  0.0000E+00
 2100.00 -0.2050E+00  0.1333E+01  0.0000E+00  0.0000E+00
 2150.00 -0.2130E+00  0.1340E+01  0.0000E+00  0.0000E+00
 2200.00 -0.2261E+00  0.1345E+01  0.0000E+00  0.0000E+00
 2250.00 -0.2296E+00  0.1346E+01  0.0000E+00  0.0000E+00
 2300.00 -0.2323E+00  0.1347E+01  0.0000E+00  0.0000E+00
 2350.00 -0.2351E+00  0.1351E+01  0.0000E+00  0.0000E+00
 2400.00 -0.2379E+00  0.1358E+01  0.0000E+00  0.0000E+00
 2450.00 -0.2381E+00  0.1365E+01  0.0000E+00  0.0000E+00
 2500.00 -0.2356E+00  0.1372E+01  0.0000E+00  0.0000E+00
 2550.00 -0.2331E+00  0.1380E+01  0.0000E+00  0.0000E+00
 2600.00 -0.2304E+00  0.1386E+01  0.0000E+00  0.0000E+00
 2650.00 -0.2312E+00  0.1397E+01  0.0000E+00  0.0000E+00
 2700.00 -0.2330E+00  0.1409E+01  0.0000E+00  0.0000E+00
 2750.00 -0.2345E+00  0.1420E+01  0.0000E+00  0.0000E+00
 2800.00 -0.2358E+00  0.1432E+01  0.0000E+00  0.0000E+00
 2850.00 -0.2368E+00  0.1443E+01  0.0000E+00  0.0000E+00
 2900.00 -0.2393E+00  0.1452E+01  0.0000E+00  0.0000E+00
 2950.00 -0.2424E+00  0.1461E+01  0.0000E+00  0.0000E+00
 3000.00 -0.2453E+00  0.1470E+01  0.0000E+00  0.0000E+00
 3050.00 -0.2481E+00  0.1479E+01  0.0000E+00  0.0000E+00
 3100.00 -0.2508E+00  0.1488E+01  0.0000E+00  0.0000E+00
 3150.00 -0.2533E+00  0.1497E+01  0.0000E+00  0.0000E+00
 3200.00 -0.2557E+00  0.1505E+01  0.0000E+00  0.0000E+00
 3250.00 -0.2580E+00  0.1514E+01  0.0000E+00  0.0000E+00
 3300.00 -0.2575E+00  0.1521E+01  0.0000E+00  0.0000E+00
 3350.00 -0.2560E+00  0.1528E+01  0.0000E+00  0.0000E+00
 3400.00 -0.2546E+00  0.1534E+01  0.0000E+00  0.0000E+00
 3450.00 -0.2531E+00  0.1541E+01  0.0000E+00  0.0000E+00
 3500.00 -0.2516E+00  0.1547E+01  0.0000E+00  0.0000E+00
 3550.00 -0.2529E+00  0.1553E+01  0.0000E+00  0.0000E+00
 3600.00 -0.2550E+00  0.1558E+01  0.0000E+00  0.0000E+00
 3650.00 -0.2571E+00  0.1563E+01  0.0000E+00  0.0000E+00
 3700.00 -0.2592E+00  0.1568E+01  0.0000E+00  0.0000E+00
 3750.00 -0.2612E+00  0.1573E+01  0.0000E+00  0.0000E+00
 3800.00 -0.2631E+00  0.1578E+01  0.0000E+00  0.0000E+00
 3850.00 -0.2650E+00  0.1584E+01  0.0000E+00  0.0000E+00
 3900.00 -0.2660E+00  0.1591E+01  0.0000E+00  0.0000E+00
 3950.00 -0.2667E+00  0.1599E+01  0.0000E+00  0.0000E+00
 4000.00 -0.2674E+00  0.1607E+01  0.0000E+00  0.0000E+00

