0.222222 2
0 0 0.996549
0 2 0.996549
0 4 0.996549
0 6 0.996549
0 8 0.996549
0 10 0.996549
0 12 0.996549
0 14 0.996549
0 16 0.996549
0 18 0.996549
0 20 0.996549
0 22 0.996549
0 24 0.996549
0 26 0.996549
0 28 0.996549
0 30 0.996549
0 32 0.996549
0 34 0.996549
0 36 0.996549
0 38 0.996549
0 40 0.996549
0 42 0.996549
0 44 0.996549
0 46 0.996549
0 48 0.996549
0 50 0.996549
0 52 0.996549
0 54 0.996549
0 56 0.996549
0 58 0.996549
0 60 0.996549
0 62 0.996549
0 64 0.996549
0 66 0.996549
0 68 0.996549
0 70 0.996549
0 72 0.996549
0 74 0.996549
0 76 0.996549
0 78 0.996549
0 80 0.996549
0 82 0.996549
0 84 0.996549
0 86 0.996549
0 88 0.996549
0 90 0.996549
0.222222 0 0.996524
0.222222 2 0.996524
0.222222 4 0.996524
0.222222 6 0.996524
0.222222 8 0.996524
0.222222 10 0.996524
0.222222 12 0.996524
0.222222 14 0.996524
0.222222 16 0.996524
0.222222 18 0.996524
0.222222 20 0.996524
0.222222 22 0.996524
0.222222 24 0.996524
0.222222 26 0.996524
0.222222 28 0.996524
0.222222 30 0.996524
0.222222 32 0.996524
0.222222 34 0.996524
0.222222 36 0.996524
0.222222 38 0.996524
0.222222 40 0.996524
0.222222 42 0.996524
0.222222 44 0.996524
0.222222 46 0.996524
0.222222 48 0.996524
0.222222 50 0.996524
0.222222 52 0.996524
0.222222 54 0.996524
0.222222 56 0.996524
0.222222 58 0.996524
0.222222 60 0.996524
0.222222 62 0.996524
0.222222 64 0.996524
0.222222 66 0.996524
0.222222 68 0.996524
0.222222 70 0.996524
0.222222 72 0.996524
0.222222 74 0.996524
0.222222 76 0.996524
0.222222 78 0.996524
0.222222 80 0.996524
0.222222 82 0.996524
0.222222 84 0.996524
0.222222 86 0.996524
0.222222 88 0.996524
0.222222 90 0.996524
0.444444 0 0.996445
0.444444 2 0.996445
0.444444 4 0.996445
0.444444 6 0.996445
0.444444 8 0.996445
0.444444 10 0.996445
0.444444 12 0.996445
0.444444 14 0.996445
0.444444 16 0.996445
0.444444 18 0.996445
0.444444 20 0.996445
0.444444 22 0.996445
0.444444 24 0.996445
0.444444 26 0.996445
0.444444 28 0.996445
0.444444 30 0.996445
0.444444 32 0.996445
0.444444 34 0.996445
0.444444 36 0.996445
0.444444 38 0.996445
0.444444 40 0.996445
0.444444 42 0.996446
0.444444 44 0.996446
0.444444 46 0.996446
0.444444 48 0.996446
0.444444 50 0.996445
0.444444 52 0.996445
0.444444 54 0.996445
0.444444 56 0.996445
0.444444 58 0.996445
0.444444 60 0.996445
0.444444 62 0.996445
0.444444 64 0.996445
0.444444 66 0.996445
0.444444 68 0.996445
0.444444 70 0.996445
0.444444 72 0.996445
0.444444 74 0.996445
0.444444 76 0.996445
0.444444 78 0.996445
0.444444 80 0.996445
0.444444 82 0.996445
0.444444 84 0.996445
0.444444 86 0.996445
0.444444 88 0.996445
0.444444 90 0.996445
0.666667 0 0.99633
0.666667 2 0.99633
0.666667 4 0.99633
0.666667 6 0.99633
0.666667 8 0.99633
0.666667 10 0.99633
0.666667 12 0.99633
0.666667 14 0.99633
0.666667 16 0.99633
0.666667 18 0.99633
0.666667 20 0.99633
0.666667 22 0.99633
0.666667 24 0.99633
0.666667 26 0.99633
0.666667 28 0.99633
0.666667 30 0.99633
0.666667 32 0.99633
0.666667 34 0.99633
0.666667 36 0.99633
0.666667 38 0.99633
0.666667 40 0.99633
0.666667 42 0.99633
0.666667 44 0.99633
0.666667 46 0.99633
0.666667 48 0.99633
0.666667 50 0.99633
0.666667 52 0.99633
0.666667 54 0.99633
0.666667 56 0.99633
0.666667 58 0.99633
0.666667 60 0.99633
0.666667 62 0.996331
0.666667 64 0.996331
0.666667 66 0.99633
0.666667 68 0.99633
0.666667 70 0.99633
0.666667 72 0.99633
0.666667 74 0.99633
0.666667 76 0.99633
0.666667 78 0.99633
0.666667 80 0.99633
0.666667 82 0.99633
0.666667 84 0.99633
0.666667 86 0.99633
0.666667 88 0.99633
0.666667 90 0.99633
0.888889 0 0.996198
0.888889 2 0.996198
0.888889 4 0.996198
0.888889 6 0.996198
0.888889 8 0.996198
0.888889 10 0.996198
0.888889 12 0.996198
0.888889 14 0.996198
0.888889 16 0.996198
0.888889 18 0.996198
0.888889 20 0.996198
0.888889 22 0.996199
0.888889 24 0.996199
0.888889 26 0.996199
0.888889 28 0.996199
0.888889 30 0.996199
0.888889 32 0.996199
0.888889 34 0.996199
0.888889 36 0.996199
0.888889 38 0.996199
0.888889 40 0.996199
0.888889 42 0.996199
0.888889 44 0.996199
0.888889 46 0.996199
0.888889 48 0.996199
0.888889 50 0.996199
0.888889 52 0.996198
0.888889 54 0.996198
0.888889 56 0.996197
0.888889 58 0.996197
0.888889 60 0.996196
0.888889 62 0.996196
0.888889 64 0.996195
0.888889 66 0.996195
0.888889 68 0.996194
0.888889 70 0.996193
0.888889 72 0.996193
0.888889 74 0.996192
0.888889 76 0.996192
0.888889 78 0.996191
0.888889 80 0.996191
0.888889 82 0.99619
0.888889 84 0.99619
0.888889 86 0.99619
0.888889 88 0.99619
0.888889 90 0.99619
1.11111 0 0.996076
1.11111 2 0.996076
1.11111 4 0.996076
1.11111 6 0.996076
1.11111 8 0.996076
1.11111 10 0.996076
1.11111 12 0.996076
1.11111 14 0.996076
1.11111 16 0.996076
1.11111 18 0.996076
1.11111 20 0.996076
1.11111 22 0.996076
1.11111 24 0.996077
1.11111 26 0.996077
1.11111 28 0.996077
1.11111 30 0.996077
1.11111 32 0.996077
1.11111 34 0.996077
1.11111 36 0.996076
1.11111 38 0.996076
1.11111 40 0.996076
1.11111 42 0.996075
1.11111 44 0.996074
1.11111 46 0.996073
1.11111 48 0.996072
1.11111 50 0.996071
1.11111 52 0.99607
1.11111 54 0.996068
1.11111 56 0.996066
1.11111 58 0.996064
1.11111 60 0.996063
1.11111 62 0.996061
1.11111 64 0.99606
1.11111 66 0.996058
1.11111 68 0.996056
1.11111 70 0.996055
1.11111 72 0.996054
1.11111 74 0.996052
1.11111 76 0.996051
1.11111 78 0.996051
1.11111 80 0.99605
1.11111 82 0.996049
1.11111 84 0.996049
1.11111 86 0.996049
1.11111 88 0.996049
1.11111 90 0.996048
1.33333 0 0.995987
1.33333 2 0.995987
1.33333 4 0.995987
1.33333 6 0.995988
1.33333 8 0.995988
1.33333 10 0.995988
1.33333 12 0.995988
1.33333 14 0.995988
1.33333 16 0.995988
1.33333 18 0.995989
1.33333 20 0.995989
1.33333 22 0.995989
1.33333 24 0.995989
1.33333 26 0.995989
1.33333 28 0.995989
1.33333 30 0.995989
1.33333 32 0.995989
1.33333 34 0.995988
1.33333 36 0.995987
1.33333 38 0.995985
1.33333 40 0.995984
1.33333 42 0.995982
1.33333 44 0.995979
1.33333 46 0.995976
1.33333 48 0.995973
1.33333 50 0.995971
1.33333 52 0.995968
1.33333 54 0.995965
1.33333 56 0.995962
1.33333 58 0.99596
1.33333 60 0.995958
1.33333 62 0.995956
1.33333 64 0.995955
1.33333 66 0.995953
1.33333 68 0.995952
1.33333 70 0.995952
1.33333 72 0.995952
1.33333 74 0.995951
1.33333 76 0.995951
1.33333 78 0.995951
1.33333 80 0.995951
1.33333 82 0.995951
1.33333 84 0.995951
1.33333 86 0.995951
1.33333 88 0.995951
1.33333 90 0.995951
1.55556 0 0.995955
1.55556 2 0.995955
1.55556 4 0.995956
1.55556 6 0.995956
1.55556 8 0.995956
1.55556 10 0.995956
1.55556 12 0.995956
1.55556 14 0.995957
1.55556 16 0.995957
1.55556 18 0.995958
1.55556 20 0.995958
1.55556 22 0.995958
1.55556 24 0.995958
1.55556 26 0.995958
1.55556 28 0.995957
1.55556 30 0.995957
1.55556 32 0.995955
1.55556 34 0.995952
1.55556 36 0.995949
1.55556 38 0.995946
1.55556 40 0.995942
1.55556 42 0.995938
1.55556 44 0.995934
1.55556 46 0.995931
1.55556 48 0.995927
1.55556 50 0.995925
1.55556 52 0.995923
1.55556 54 0.995921
1.55556 56 0.995921
1.55556 58 0.995921
1.55556 60 0.995922
1.55556 62 0.995923
1.55556 64 0.995924
1.55556 66 0.995926
1.55556 68 0.995928
1.55556 70 0.99593
1.55556 72 0.995933
1.55556 74 0.995935
1.55556 76 0.995938
1.55556 78 0.995941
1.55556 80 0.995943
1.55556 82 0.995946
1.55556 84 0.995947
1.55556 86 0.995949
1.55556 88 0.99595
1.55556 90 0.99595
1.77778 0 0.995995
1.77778 2 0.995995
1.77778 4 0.995995
1.77778 6 0.995995
1.77778 8 0.995995
1.77778 10 0.995996
1.77778 12 0.995996
1.77778 14 0.995997
1.77778 16 0.995998
1.77778 18 0.995998
1.77778 20 0.995998
1.77778 22 0.995998
1.77778 24 0.995998
1.77778 26 0.995997
1.77778 28 0.995995
1.77778 30 0.995992
1.77778 32 0.995988
1.77778 34 0.995984
1.77778 36 0.995979
1.77778 38 0.995974
1.77778 40 0.995969
1.77778 42 0.995965
1.77778 44 0.995963
1.77778 46 0.995961
1.77778 48 0.995961
1.77778 50 0.995963
1.77778 52 0.995965
1.77778 54 0.995968
1.77778 56 0.995973
1.77778 58 0.995979
1.77778 60 0.995987
1.77778 62 0.995996
1.77778 64 0.996006
1.77778 66 0.996017
1.77778 68 0.996028
1.77778 70 0.99604
1.77778 72 0.996052
1.77778 74 0.996063
1.77778 76 0.996073
1.77778 78 0.996082
1.77778 80 0.99609
1.77778 82 0.996097
1.77778 84 0.996103
1.77778 86 0.996107
1.77778 88 0.996109
1.77778 90 0.99611
2 0 0.996111
2 2 0.996111
2 4 0.996111
2 6 0.996112
2 8 0.996112
2 10 0.996113
2 12 0.996114
2 14 0.996115
2 16 0.996116
2 18 0.996116
2 20 0.996116
2 22 0.996116
2 24 0.996114
2 26 0.996111
2 28 0.996106
2 30 0.996101
2 32 0.996095
2 34 0.996089
2 36 0.996084
2 38 0.99608
2 40 0.996079
2 42 0.996079
2 44 0.996082
2 46 0.996086
2 48 0.996093
2 50 0.996103
2 52 0.996116
2 54 0.996133
2 56 0.996152
2 58 0.996173
2 60 0.996197
2 62 0.996221
2 64 0.996246
2 66 0.996271
2 68 0.996297
2 70 0.996321
2 72 0.996345
2 74 0.996367
2 76 0.996387
2 78 0.996405
2 80 0.996421
2 82 0.996434
2 84 0.996445
2 86 0.996453
2 88 0.996457
2 90 0.996459
2.22222 0 0.996302
2.22222 2 0.996302
2.22222 4 0.996302
2.22222 6 0.996303
2.22222 8 0.996304
2.22222 10 0.996305
2.22222 12 0.996306
2.22222 14 0.996308
2.22222 16 0.996309
2.22222 18 0.996309
2.22222 20 0.996308
2.22222 22 0.996306
2.22222 24 0.996302
2.22222 26 0.996296
2.22222 28 0.996289
2.22222 30 0.996282
2.22222 32 0.996276
2.22222 34 0.996272
2.22222 36 0.99627
2.22222 38 0.996272
2.22222 40 0.996277
2.22222 42 0.996285
2.22222 44 0.996298
2.22222 46 0.996316
2.22222 48 0.99634
2.22222 50 0.996369
2.22222 52 0.996403
2.22222 54 0.99644
2.22222 56 0.996479
2.22222 58 0.996521
2.22222 60 0.996564
2.22222 62 0.996607
2.22222 64 0.996651
2.22222 66 0.996694
2.22222 68 0.996736
2.22222 70 0.996775
2.22222 72 0.996812
2.22222 74 0.996846
2.22222 76 0.996877
2.22222 78 0.996905
2.22222 80 0.996929
2.22222 82 0.996948
2.22222 84 0.996964
2.22222 86 0.996975
2.22222 88 0.996982
2.22222 90 0.996984
2.44444 0 0.996556
2.44444 2 0.996556
2.44444 4 0.996557
2.44444 6 0.996558
2.44444 8 0.996559
2.44444 10 0.996561
2.44444 12 0.996563
2.44444 14 0.996564
2.44444 16 0.996565
2.44444 18 0.996565
2.44444 20 0.996563
2.44444 22 0.996558
2.44444 24 0.996551
2.44444 26 0.996543
2.44444 28 0.996535
2.44444 30 0.996529
2.44444 32 0.996526
2.44444 34 0.996527
2.44444 36 0.996532
2.44444 38 0.996543
2.44444 40 0.996561
2.44444 42 0.996587
2.44444 44 0.996621
2.44444 46 0.996663
2.44444 48 0.996711
2.44444 50 0.996764
2.44444 52 0.996821
2.44444 54 0.996882
2.44444 56 0.996946
2.44444 58 0.99701
2.44444 60 0.997075
2.44444 62 0.997138
2.44444 64 0.9972
2.44444 66 0.997261
2.44444 68 0.997318
2.44444 70 0.997372
2.44444 72 0.997422
2.44444 74 0.997468
2.44444 76 0.997509
2.44444 78 0.997545
2.44444 80 0.997577
2.44444 82 0.997602
2.44444 84 0.997623
2.44444 86 0.997637
2.44444 88 0.997646
2.44444 90 0.997649
2.66667 0 0.996857
2.66667 2 0.996857
2.66667 4 0.996858
2.66667 6 0.996859
2.66667 8 0.996861
2.66667 10 0.996864
2.66667 12 0.996866
2.66667 14 0.996868
2.66667 16 0.996868
2.66667 18 0.996866
2.66667 20 0.996861
2.66667 22 0.996854
2.66667 24 0.996845
2.66667 26 0.996836
2.66667 28 0.99683
2.66667 30 0.996828
2.66667 32 0.996832
2.66667 34 0.996841
2.66667 36 0.99686
2.66667 38 0.996889
2.66667 40 0.99693
2.66667 42 0.996982
2.66667 44 0.997042
2.66667 46 0.99711
2.66667 48 0.997185
2.66667 50 0.997265
2.66667 52 0.997348
2.66667 54 0.997433
2.66667 56 0.997519
2.66667 58 0.997605
2.66667 60 0.997689
2.66667 62 0.99777
2.66667 64 0.99785
2.66667 66 0.997925
2.66667 68 0.997997
2.66667 70 0.998064
2.66667 72 0.998126
2.66667 74 0.998184
2.66667 76 0.998236
2.66667 78 0.998282
2.66667 80 0.998322
2.66667 82 0.998355
2.66667 84 0.998381
2.66667 86 0.9984
2.66667 88 0.998411
2.66667 90 0.998415
2.88889 0 0.997182
2.88889 2 0.997182
2.88889 4 0.997183
2.88889 6 0.997186
2.88889 8 0.997188
2.88889 10 0.997191
2.88889 12 0.997194
2.88889 14 0.997195
2.88889 16 0.997195
2.88889 18 0.997191
2.88889 20 0.997183
2.88889 22 0.997173
2.88889 24 0.997163
2.88889 26 0.997157
2.88889 28 0.997156
2.88889 30 0.997161
2.88889 32 0.997175
2.88889 34 0.997202
2.88889 36 0.997243
2.88889 38 0.997298
2.88889 40 0.997366
2.88889 42 0.997444
2.88889 44 0.997532
2.88889 46 0.997628
2.88889 48 0.997728
2.88889 50 0.997831
2.88889 52 0.997937
2.88889 54 0.998042
2.88889 56 0.998147
2.88889 58 0.99825
2.88889 60 0.998351
2.88889 62 0.998449
2.88889 64 0.998545
2.88889 66 0.998638
2.88889 68 0.998727
2.88889 70 0.998811
2.88889 72 0.998889
2.88889 74 0.998961
2.88889 76 0.999027
2.88889 78 0.999084
2.88889 80 0.999134
2.88889 82 0.999175
2.88889 84 0.999207
2.88889 86 0.999231
2.88889 88 0.999245
2.88889 90 0.999249
3.11111 0 0.99751
3.11111 2 0.99751
3.11111 4 0.997512
3.11111 6 0.997514
3.11111 8 0.997518
3.11111 10 0.997521
3.11111 12 0.997524
3.11111 14 0.997525
3.11111 16 0.997523
3.11111 18 0.997516
3.11111 20 0.997506
3.11111 22 0.997495
3.11111 24 0.997488
3.11111 26 0.997486
3.11111 28 0.997492
3.11111 30 0.997509
3.11111 32 0.997542
3.11111 34 0.997591
3.11111 36 0.997658
3.11111 38 0.99774
3.11111 40 0.997834
3.11111 42 0.997939
3.11111 44 0.998051
3.11111 46 0.998168
3.11111 48 0.998288
3.11111 50 0.998409
3.11111 52 0.998532
3.11111 54 0.998653
3.11111 56 0.998774
3.11111 58 0.998895
3.11111 60 0.999016
3.11111 62 0.999134
3.11111 64 0.99925
3.11111 66 0.999362
3.11111 68 0.999468
3.11111 70 0.999568
3.11111 72 0.999661
3.11111 74 0.999746
3.11111 76 0.999823
3.11111 78 0.99989
3.11111 80 0.999948
3.11111 82 0.999995
3.11111 84 1.00003
3.11111 86 1.00006
3.11111 88 1.00008
3.11111 90 1.00008
3.33333 0 0.99782
3.33333 2 0.99782
3.33333 4 0.997822
3.33333 6 0.997825
3.33333 8 0.997829
3.33333 10 0.997833
3.33333 12 0.997836
3.33333 14 0.997836
3.33333 16 0.997831
3.33333 18 0.997822
3.33333 20 0.997811
3.33333 22 0.997802
3.33333 24 0.997799
3.33333 26 0.997804
3.33333 28 0.997821
3.33333 30 0.997856
3.33333 32 0.997911
3.33333 34 0.997985
3.33333 36 0.998076
3.33333 38 0.998181
3.33333 40 0.998296
3.33333 42 0.998419
3.33333 44 0.998548
3.33333 46 0.998679
3.33333 48 0.998811
3.33333 50 0.998945
3.33333 52 0.999082
3.33333 54 0.999221
3.33333 56 0.999361
3.33333 58 0.999501
3.33333 60 0.99964
3.33333 62 0.999776
3.33333 64 0.999908
3.33333 66 1.00003
3.33333 68 1.00015
3.33333 70 1.00026
3.33333 72 1.00036
3.33333 74 1.00046
3.33333 76 1.00054
3.33333 78 1.00061
3.33333 80 1.00067
3.33333 82 1.00072
3.33333 84 1.00076
3.33333 86 1.00079
3.33333 88 1.00081
3.33333 90 1.00081
3.55556 0 0.9981
3.55556 2 0.9981
3.55556 4 0.998102
3.55556 6 0.998106
3.55556 8 0.998111
3.55556 10 0.998115
3.55556 12 0.998117
3.55556 14 0.998116
3.55556 16 0.998109
3.55556 18 0.998098
3.55556 20 0.998088
3.55556 22 0.998083
3.55556 24 0.998086
3.55556 26 0.9981
3.55556 28 0.998134
3.55556 30 0.998188
3.55556 32 0.998264
3.55556 34 0.998358
3.55556 36 0.998466
3.55556 38 0.998586
3.55556 40 0.998714
3.55556 42 0.998846
3.55556 44 0.998982
3.55556 46 0.99912
3.55556 48 0.999263
3.55556 50 0.99941
3.55556 52 0.999562
3.55556 54 0.999715
3.55556 56 0.99987
3.55556 58 1.00002
3.55556 60 1.00017
3.55556 62 1.00032
3.55556 64 1.00046
3.55556 66 1.00059
3.55556 68 1.00071
3.55556 70 1.00082
3.55556 72 1.00092
3.55556 74 1.00101
3.55556 76 1.00109
3.55556 78 1.00116
3.55556 80 1.00122
3.55556 82 1.00127
3.55556 84 1.00131
3.55556 86 1.00133
3.55556 88 1.00135
3.55556 90 1.00135
3.77778 0 0.998347
3.77778 2 0.998348
3.77778 4 0.99835
3.77778 6 0.998355
3.77778 8 0.99836
3.77778 10 0.998364
3.77778 12 0.998365
3.77778 14 0.998362
3.77778 16 0.998354
3.77778 18 0.998344
3.77778 20 0.998337
3.77778 22 0.998336
3.77778 24 0.998346
3.77778 26 0.998374
3.77778 28 0.998423
3.77778 30 0.998494
3.77778 32 0.998584
3.77778 34 0.99869
3.77778 36 0.998807
3.77778 38 0.998932
3.77778 40 0.999061
3.77778 42 0.999194
3.77778 44 0.999332
3.77778 46 0.999477
3.77778 48 0.999629
3.77778 50 0.999785
3.77778 52 0.999944
3.77778 54 1.0001
3.77778 56 1.00026
3.77778 58 1.00042
3.77778 60 1.00057
3.77778 62 1.00071
3.77778 64 1.00084
3.77778 66 1.00096
3.77778 68 1.00108
3.77778 70 1.00118
3.77778 72 1.00127
3.77778 74 1.00136
3.77778 76 1.00143
3.77778 78 1.00149
3.77778 80 1.00154
3.77778 82 1.00158
3.77778 84 1.00162
3.77778 86 1.00164
3.77778 88 1.00165
3.77778 90 1.00166
4 0 0.998572
4 2 0.998572
4 4 0.998574
4 6 0.998579
4 8 0.998584
4 10 0.998588
4 12 0.998588
4 14 0.998583
4 16 0.998575
4 18 0.998567
4 20 0.998564
4 22 0.998568
4 24 0.998587
4 26 0.998627
4 28 0.998689
4 30 0.998769
4 32 0.998866
4 34 0.998973
4 36 0.999089
4 38 0.999209
4 40 0.999333
4 42 0.999465
4 44 0.999605
4 46 0.999753
4 48 0.999906
4 50 1.00006
4 52 1.00022
4 54 1.00037
4 56 1.00052
4 58 1.00067
4 60 1.0008
4 62 1.00093
4 64 1.00105
4 66 1.00115
4 68 1.00125
4 70 1.00134
4 72 1.00141
4 74 1.00148
4 76 1.00154
4 78 1.00159
4 80 1.00163
4 82 1.00166
4 84 1.00168
4 86 1.0017
4 88 1.00171
4 90 1.00172
4.22222 0 0.998784
4.22222 2 0.998785
4.22222 4 0.998787
4.22222 6 0.998792
4.22222 8 0.998797
4.22222 10 0.9988
4.22222 12 0.998799
4.22222 14 0.998794
4.22222 16 0.998786
4.22222 18 0.998781
4.22222 20 0.998781
4.22222 22 0.998792
4.22222 24 0.99882
4.22222 26 0.998869
4.22222 28 0.998935
4.22222 30 0.999017
4.22222 32 0.999111
4.22222 34 0.999212
4.22222 36 0.999318
4.22222 38 0.999429
4.22222 40 0.999548
4.22222 42 0.999676
4.22222 44 0.999812
4.22222 46 0.999953
4.22222 48 1.0001
4.22222 50 1.00024
4.22222 52 1.00038
4.22222 54 1.00052
4.22222 56 1.00065
4.22222 58 1.00077
4.22222 60 1.00089
4.22222 62 1.00099
4.22222 64 1.00108
4.22222 66 1.00117
4.22222 68 1.00124
4.22222 70 1.00131
4.22222 72 1.00136
4.22222 74 1.00141
4.22222 76 1.00145
4.22222 78 1.00149
4.22222 80 1.00152
4.22222 82 1.00154
4.22222 84 1.00156
4.22222 86 1.00157
4.22222 88 1.00158
4.22222 90 1.00158
4.44444 0 0.999002
4.44444 2 0.999002
4.44444 4 0.999005
4.44444 6 0.999009
4.44444 8 0.999013
4.44444 10 0.999015
4.44444 12 0.999014
4.44444 14 0.999009
4.44444 16 0.999003
4.44444 18 0.999
4.44444 20 0.999004
4.44444 22 0.999021
4.44444 24 0.999055
4.44444 26 0.999106
4.44444 28 0.999171
4.44444 30 0.999248
4.44444 32 0.999332
4.44444 34 0.99942
4.44444 36 0.999514
4.44444 38 0.999616
4.44444 40 0.999727
4.44444 42 0.999846
4.44444 44 0.99997
4.44444 46 1.0001
4.44444 48 1.00022
4.44444 50 1.00035
4.44444 52 1.00046
4.44444 54 1.00058
4.44444 56 1.00068
4.44444 58 1.00077
4.44444 60 1.00086
4.44444 62 1.00093
4.44444 64 1.001
4.44444 66 1.00106
4.44444 68 1.00111
4.44444 70 1.00115
4.44444 72 1.00119
4.44444 74 1.00123
4.44444 76 1.00125
4.44444 78 1.00128
4.44444 80 1.00129
4.44444 82 1.00131
4.44444 84 1.00132
4.44444 86 1.00133
4.44444 88 1.00133
4.44444 90 1.00133
4.66667 0 0.999232
4.66667 2 0.999232
4.66667 4 0.999234
4.66667 6 0.999238
4.66667 8 0.999241
4.66667 10 0.999243
4.66667 12 0.999241
4.66667 14 0.999237
4.66667 16 0.999233
4.66667 18 0.999233
4.66667 20 0.99924
4.66667 22 0.999261
4.66667 24 0.999296
4.66667 26 0.999344
4.66667 28 0.999403
4.66667 30 0.999469
4.66667 32 0.999539
4.66667 34 0.999615
4.66667 36 0.999698
4.66667 38 0.999789
4.66667 40 0.999888
4.66667 42 0.999991
4.66667 44 1.0001
4.66667 46 1.0002
4.66667 48 1.0003
4.66667 50 1.0004
4.66667 52 1.00049
4.66667 54 1.00057
4.66667 56 1.00065
4.66667 58 1.00071
4.66667 60 1.00077
4.66667 62 1.00082
4.66667 64 1.00086
4.66667 66 1.0009
4.66667 68 1.00093
4.66667 70 1.00095
4.66667 72 1.00098
4.66667 74 1.00099
4.66667 76 1.00101
4.66667 78 1.00102
4.66667 80 1.00103
4.66667 82 1.00104
4.66667 84 1.00105
4.66667 86 1.00105
4.66667 88 1.00105
4.66667 90 1.00105
4.88889 0 0.999474
4.88889 2 0.999475
4.88889 4 0.999477
4.88889 6 0.99948
4.88889 8 0.999482
4.88889 10 0.999483
4.88889 12 0.999481
4.88889 14 0.999478
4.88889 16 0.999476
4.88889 18 0.999477
4.88889 20 0.999488
4.88889 22 0.999509
4.88889 24 0.999542
4.88889 26 0.999584
4.88889 28 0.999633
4.88889 30 0.999687
4.88889 32 0.999744
4.88889 34 0.999809
4.88889 36 0.99988
4.88889 38 0.999958
4.88889 40 1.00004
4.88889 42 1.00012
4.88889 44 1.00021
4.88889 46 1.00029
4.88889 48 1.00036
4.88889 50 1.00043
4.88889 52 1.00049
4.88889 54 1.00055
4.88889 56 1.00059
4.88889 58 1.00063
4.88889 60 1.00067
4.88889 62 1.0007
4.88889 64 1.00072
4.88889 66 1.00074
4.88889 68 1.00075
4.88889 70 1.00077
4.88889 72 1.00078
4.88889 74 1.00079
4.88889 76 1.00079
4.88889 78 1.0008
4.88889 80 1.0008
4.88889 82 1.0008
4.88889 84 1.00081
4.88889 86 1.00081
4.88889 88 1.00081
4.88889 90 1.00081
5.11111 0 0.999722
5.11111 2 0.999723
5.11111 4 0.999725
5.11111 6 0.999727
5.11111 8 0.999729
5.11111 10 0.999729
5.11111 12 0.999727
5.11111 14 0.999725
5.11111 16 0.999724
5.11111 18 0.999728
5.11111 20 0.999739
5.11111 22 0.999759
5.11111 24 0.999787
5.11111 26 0.999822
5.11111 28 0.99986
5.11111 30 0.999902
5.11111 32 0.999949
5.11111 34 1
5.11111 36 1.00006
5.11111 38 1.00012
5.11111 40 1.00019
5.11111 42 1.00025
5.11111 44 1.00031
5.11111 46 1.00037
5.11111 48 1.00042
5.11111 50 1.00046
5.11111 52 1.0005
5.11111 54 1.00053
5.11111 56 1.00056
5.11111 58 1.00058
5.11111 60 1.00059
5.11111 62 1.00061
5.11111 64 1.00062
5.11111 66 1.00062
5.11111 68 1.00063
5.11111 70 1.00063
5.11111 72 1.00064
5.11111 74 1.00064
5.11111 76 1.00064
5.11111 78 1.00064
5.11111 80 1.00064
5.11111 82 1.00064
5.11111 84 1.00064
5.11111 86 1.00064
5.11111 88 1.00064
5.11111 90 1.00064
5.33333 0 0.999964
5.33333 2 0.999964
5.33333 4 0.999965
5.33333 6 0.999967
5.33333 8 0.999968
5.33333 10 0.999968
5.33333 12 0.999967
5.33333 14 0.999966
5.33333 16 0.999966
5.33333 18 0.99997
5.33333 20 0.999981
5.33333 22 0.999998
5.33333 24 1.00002
5.33333 26 1.00005
5.33333 28 1.00008
5.33333 30 1.00011
5.33333 32 1.00015
5.33333 34 1.00019
5.33333 36 1.00024
5.33333 38 1.00028
5.33333 40 1.00033
5.33333 42 1.00037
5.33333 44 1.00041
5.33333 46 1.00045
5.33333 48 1.00048
5.33333 50 1.0005
5.33333 52 1.00052
5.33333 54 1.00054
5.33333 56 1.00055
5.33333 58 1.00056
5.33333 60 1.00056
5.33333 62 1.00057
5.33333 64 1.00057
5.33333 66 1.00057
5.33333 68 1.00057
5.33333 70 1.00057
5.33333 72 1.00056
5.33333 74 1.00056
5.33333 76 1.00056
5.33333 78 1.00056
5.33333 80 1.00056
5.33333 82 1.00056
5.33333 84 1.00055
5.33333 86 1.00055
5.33333 88 1.00055
5.33333 90 1.00055
5.55556 0 1.00018
5.55556 2 1.00019
5.55556 4 1.00019
5.55556 6 1.00019
5.55556 8 1.00019
5.55556 10 1.00019
5.55556 12 1.00019
5.55556 14 1.00019
5.55556 16 1.00019
5.55556 18 1.00019
5.55556 20 1.0002
5.55556 22 1.00022
5.55556 24 1.00023
5.55556 26 1.00025
5.55556 28 1.00027
5.55556 30 1.0003
5.55556 32 1.00033
5.55556 34 1.00036
5.55556 36 1.0004
5.55556 38 1.00043
5.55556 40 1.00046
5.55556 42 1.00049
5.55556 44 1.00051
5.55556 46 1.00053
5.55556 48 1.00055
5.55556 50 1.00056
5.55556 52 1.00057
5.55556 54 1.00057
5.55556 56 1.00057
5.55556 58 1.00057
5.55556 60 1.00057
5.55556 62 1.00057
5.55556 64 1.00057
5.55556 66 1.00057
5.55556 68 1.00056
5.55556 70 1.00056
5.55556 72 1.00056
5.55556 74 1.00055
5.55556 76 1.00055
5.55556 78 1.00055
5.55556 80 1.00054
5.55556 82 1.00054
5.55556 84 1.00054
5.55556 86 1.00054
5.55556 88 1.00054
5.55556 90 1.00054
5.77778 0 1.00038
5.77778 2 1.00038
5.77778 4 1.00038
5.77778 6 1.00038
5.77778 8 1.00038
5.77778 10 1.00038
5.77778 12 1.00038
5.77778 14 1.00038
5.77778 16 1.00038
5.77778 18 1.00038
5.77778 20 1.00039
5.77778 22 1.0004
5.77778 24 1.00041
5.77778 26 1.00043
5.77778 28 1.00045
5.77778 30 1.00047
5.77778 32 1.00049
5.77778 34 1.00051
5.77778 36 1.00053
5.77778 38 1.00056
5.77778 40 1.00058
5.77778 42 1.00059
5.77778 44 1.0006
5.77778 46 1.00061
5.77778 48 1.00062
5.77778 50 1.00062
5.77778 52 1.00062
5.77778 54 1.00062
5.77778 56 1.00062
5.77778 58 1.00062
5.77778 60 1.00061
5.77778 62 1.00061
5.77778 64 1.00061
5.77778 66 1.0006
5.77778 68 1.0006
5.77778 70 1.00059
5.77778 72 1.00059
5.77778 74 1.00059
5.77778 76 1.00058
5.77778 78 1.00058
5.77778 80 1.00058
5.77778 82 1.00058
5.77778 84 1.00058
5.77778 86 1.00057
5.77778 88 1.00057
5.77778 90 1.00057
6 0 1.00053
6 2 1.00053
6 4 1.00053
6 6 1.00053
6 8 1.00053
6 10 1.00053
6 12 1.00053
6 14 1.00053
6 16 1.00054
6 18 1.00054
6 20 1.00055
6 22 1.00055
6 24 1.00056
6 26 1.00057
6 28 1.00059
6 30 1.0006
6 32 1.00062
6 34 1.00063
6 36 1.00065
6 38 1.00066
6 40 1.00067
6 42 1.00068
6 44 1.00069
6 46 1.00069
6 48 1.00069
6 50 1.00069
6 52 1.00069
6 54 1.00068
6 56 1.00068
6 58 1.00068
6 60 1.00067
6 62 1.00067
6 64 1.00066
6 66 1.00066
6 68 1.00066
6 70 1.00065
6 72 1.00065
6 74 1.00065
6 76 1.00064
6 78 1.00064
6 80 1.00064
6 82 1.00064
6 84 1.00064
6 86 1.00063
6 88 1.00063
6 90 1.00063
6.22222 0 1.00065
6.22222 2 1.00066
6.22222 4 1.00066
6.22222 6 1.00066
6.22222 8 1.00066
6.22222 10 1.00066
6.22222 12 1.00066
6.22222 14 1.00066
6.22222 16 1.00066
6.22222 18 1.00066
6.22222 20 1.00066
6.22222 22 1.00067
6.22222 24 1.00068
6.22222 26 1.00069
6.22222 28 1.0007
6.22222 30 1.00071
6.22222 32 1.00072
6.22222 34 1.00073
6.22222 36 1.00074
6.22222 38 1.00074
6.22222 40 1.00075
6.22222 42 1.00075
6.22222 44 1.00075
6.22222 46 1.00075
6.22222 48 1.00075
6.22222 50 1.00075
6.22222 52 1.00075
6.22222 54 1.00074
6.22222 56 1.00074
6.22222 58 1.00074
6.22222 60 1.00073
6.22222 62 1.00073
6.22222 64 1.00072
6.22222 66 1.00072
6.22222 68 1.00072
6.22222 70 1.00071
6.22222 72 1.00071
6.22222 74 1.00071
6.22222 76 1.00071
6.22222 78 1.00071
6.22222 80 1.0007
6.22222 82 1.0007
6.22222 84 1.0007
6.22222 86 1.0007
6.22222 88 1.0007
6.22222 90 1.0007
6.44444 0 1.00075
6.44444 2 1.00075
6.44444 4 1.00075
6.44444 6 1.00075
6.44444 8 1.00075
6.44444 10 1.00075
6.44444 12 1.00075
6.44444 14 1.00075
6.44444 16 1.00075
6.44444 18 1.00075
6.44444 20 1.00075
6.44444 22 1.00076
6.44444 24 1.00076
6.44444 26 1.00077
6.44444 28 1.00078
6.44444 30 1.00078
6.44444 32 1.00079
6.44444 34 1.0008
6.44444 36 1.0008
6.44444 38 1.00081
6.44444 40 1.00081
6.44444 42 1.00081
6.44444 44 1.00081
6.44444 46 1.00081
6.44444 48 1.0008
6.44444 50 1.0008
6.44444 52 1.0008
6.44444 54 1.0008
6.44444 56 1.00079
6.44444 58 1.00079
6.44444 60 1.00079
6.44444 62 1.00078
6.44444 64 1.00078
6.44444 66 1.00078
6.44444 68 1.00078
6.44444 70 1.00077
6.44444 72 1.00077
6.44444 74 1.00077
6.44444 76 1.00077
6.44444 78 1.00077
6.44444 80 1.00077
6.44444 82 1.00076
6.44444 84 1.00076
6.44444 86 1.00076
6.44444 88 1.00076
6.44444 90 1.00076
6.66667 0 1.00081
6.66667 2 1.00081
6.66667 4 1.00081
6.66667 6 1.00081
6.66667 8 1.00081
6.66667 10 1.00081
6.66667 12 1.00081
6.66667 14 1.00081
6.66667 16 1.00081
6.66667 18 1.00081
6.66667 20 1.00082
6.66667 22 1.00082
6.66667 24 1.00082
6.66667 26 1.00083
6.66667 28 1.00083
6.66667 30 1.00084
6.66667 32 1.00084
6.66667 34 1.00085
6.66667 36 1.00085
6.66667 38 1.00085
6.66667 40 1.00085
6.66667 42 1.00085
6.66667 44 1.00085
6.66667 46 1.00085
6.66667 48 1.00084
6.66667 50 1.00084
6.66667 52 1.00084
6.66667 54 1.00084
6.66667 56 1.00084
6.66667 58 1.00083
6.66667 60 1.00083
6.66667 62 1.00083
6.66667 64 1.00083
6.66667 66 1.00082
6.66667 68 1.00082
6.66667 70 1.00082
6.66667 72 1.00082
6.66667 74 1.00082
6.66667 76 1.00082
6.66667 78 1.00082
6.66667 80 1.00082
6.66667 82 1.00082
6.66667 84 1.00081
6.66667 86 1.00081
6.66667 88 1.00081
6.66667 90 1.00081
6.88889 0 1.00085
6.88889 2 1.00085
6.88889 4 1.00085
6.88889 6 1.00085
6.88889 8 1.00085
6.88889 10 1.00085
6.88889 12 1.00085
6.88889 14 1.00085
6.88889 16 1.00086
6.88889 18 1.00086
6.88889 20 1.00086
6.88889 22 1.00086
6.88889 24 1.00086
6.88889 26 1.00087
6.88889 28 1.00087
6.88889 30 1.00087
6.88889 32 1.00088
6.88889 34 1.00088
6.88889 36 1.00088
6.88889 38 1.00088
6.88889 40 1.00088
6.88889 42 1.00088
6.88889 44 1.00088
6.88889 46 1.00088
6.88889 48 1.00088
6.88889 50 1.00087
6.88889 52 1.00087
6.88889 54 1.00087
6.88889 56 1.00087
6.88889 58 1.00087
6.88889 60 1.00086
6.88889 62 1.00086
6.88889 64 1.00086
6.88889 66 1.00086
6.88889 68 1.00086
6.88889 70 1.00086
6.88889 72 1.00086
6.88889 74 1.00086
6.88889 76 1.00086
6.88889 78 1.00086
6.88889 80 1.00085
6.88889 82 1.00085
6.88889 84 1.00085
6.88889 86 1.00085
6.88889 88 1.00085
6.88889 90 1.00085
7.11111 0 1.00088
7.11111 2 1.00088
7.11111 4 1.00088
7.11111 6 1.00088
7.11111 8 1.00088
7.11111 10 1.00088
7.11111 12 1.00088
7.11111 14 1.00088
7.11111 16 1.00088
7.11111 18 1.00089
7.11111 20 1.00089
7.11111 22 1.00089
7.11111 24 1.00089
7.11111 26 1.00089
7.11111 28 1.0009
7.11111 30 1.0009
7.11111 32 1.0009
7.11111 34 1.0009
7.11111 36 1.0009
7.11111 38 1.0009
7.11111 40 1.0009
7.11111 42 1.0009
7.11111 44 1.0009
7.11111 46 1.0009
7.11111 48 1.0009
7.11111 50 1.0009
7.11111 52 1.00089
7.11111 54 1.00089
7.11111 56 1.00089
7.11111 58 1.00089
7.11111 60 1.00089
7.11111 62 1.00089
7.11111 64 1.00089
7.11111 66 1.00089
7.11111 68 1.00089
7.11111 70 1.00089
7.11111 72 1.00088
7.11111 74 1.00088
7.11111 76 1.00088
7.11111 78 1.00088
7.11111 80 1.00088
7.11111 82 1.00088
7.11111 84 1.00088
7.11111 86 1.00088
7.11111 88 1.00088
7.11111 90 1.00088
7.33333 0 1.0009
7.33333 2 1.0009
7.33333 4 1.0009
7.33333 6 1.0009
7.33333 8 1.0009
7.33333 10 1.0009
7.33333 12 1.0009
7.33333 14 1.0009
7.33333 16 1.0009
7.33333 18 1.00091
7.33333 20 1.00091
7.33333 22 1.00091
7.33333 24 1.00091
7.33333 26 1.00091
7.33333 28 1.00091
7.33333 30 1.00091
7.33333 32 1.00091
7.33333 34 1.00092
7.33333 36 1.00092
7.33333 38 1.00092
7.33333 40 1.00091
7.33333 42 1.00091
7.33333 44 1.00091
7.33333 46 1.00091
7.33333 48 1.00091
7.33333 50 1.00091
7.33333 52 1.00091
7.33333 54 1.00091
7.33333 56 1.00091
7.33333 58 1.00091
7.33333 60 1.00091
7.33333 62 1.00091
7.33333 64 1.00091
7.33333 66 1.0009
7.33333 68 1.0009
7.33333 70 1.0009
7.33333 72 1.0009
7.33333 74 1.0009
7.33333 76 1.0009
7.33333 78 1.0009
7.33333 80 1.0009
7.33333 82 1.0009
7.33333 84 1.0009
7.33333 86 1.0009
7.33333 88 1.0009
7.33333 90 1.0009
7.55556 0 1.00092
7.55556 2 1.00092
7.55556 4 1.00092
7.55556 6 1.00092
7.55556 8 1.00092
7.55556 10 1.00092
7.55556 12 1.00092
7.55556 14 1.00092
7.55556 16 1.00092
7.55556 18 1.00092
7.55556 20 1.00092
7.55556 22 1.00092
7.55556 24 1.00092
7.55556 26 1.00092
7.55556 28 1.00092
7.55556 30 1.00092
7.55556 32 1.00092
7.55556 34 1.00092
7.55556 36 1.00092
7.55556 38 1.00092
7.55556 40 1.00092
7.55556 42 1.00092
7.55556 44 1.00092
7.55556 46 1.00092
7.55556 48 1.00092
7.55556 50 1.00092
7.55556 52 1.00092
7.55556 54 1.00092
7.55556 56 1.00092
7.55556 58 1.00092
7.55556 60 1.00092
7.55556 62 1.00092
7.55556 64 1.00092
7.55556 66 1.00092
7.55556 68 1.00092
7.55556 70 1.00092
7.55556 72 1.00092
7.55556 74 1.00092
7.55556 76 1.00092
7.55556 78 1.00092
7.55556 80 1.00092
7.55556 82 1.00092
7.55556 84 1.00091
7.55556 86 1.00091
7.55556 88 1.00091
7.55556 90 1.00091
7.77778 0 1.00092
7.77778 2 1.00092
7.77778 4 1.00092
7.77778 6 1.00092
7.77778 8 1.00092
7.77778 10 1.00092
7.77778 12 1.00092
7.77778 14 1.00093
7.77778 16 1.00093
7.77778 18 1.00093
7.77778 20 1.00093
7.77778 22 1.00093
7.77778 24 1.00093
7.77778 26 1.00093
7.77778 28 1.00093
7.77778 30 1.00093
7.77778 32 1.00093
7.77778 34 1.00093
7.77778 36 1.00093
7.77778 38 1.00093
7.77778 40 1.00093
7.77778 42 1.00093
7.77778 44 1.00093
7.77778 46 1.00093
7.77778 48 1.00093
7.77778 50 1.00093
7.77778 52 1.00093
7.77778 54 1.00093
7.77778 56 1.00093
7.77778 58 1.00093
7.77778 60 1.00093
7.77778 62 1.00093
7.77778 64 1.00093
7.77778 66 1.00093
7.77778 68 1.00093
7.77778 70 1.00092
7.77778 72 1.00092
7.77778 74 1.00092
7.77778 76 1.00092
7.77778 78 1.00092
7.77778 80 1.00092
7.77778 82 1.00092
7.77778 84 1.00092
7.77778 86 1.00092
7.77778 88 1.00092
7.77778 90 1.00092
8 0 1.00093
8 2 1.00093
8 4 1.00093
8 6 1.00093
8 8 1.00093
8 10 1.00093
8 12 1.00093
8 14 1.00093
8 16 1.00093
8 18 1.00093
8 20 1.00093
8 22 1.00093
8 24 1.00093
8 26 1.00093
8 28 1.00093
8 30 1.00093
8 32 1.00093
8 34 1.00093
8 36 1.00093
8 38 1.00093
8 40 1.00093
8 42 1.00093
8 44 1.00093
8 46 1.00093
8 48 1.00093
8 50 1.00093
8 52 1.00093
8 54 1.00093
8 56 1.00093
8 58 1.00093
8 60 1.00093
8 62 1.00093
8 64 1.00093
8 66 1.00093
8 68 1.00093
8 70 1.00093
8 72 1.00093
8 74 1.00093
8 76 1.00093
8 78 1.00093
8 80 1.00093
8 82 1.00093
8 84 1.00093
8 86 1.00093
8 88 1.00093
8 90 1.00093
8.22222 0 1.00093
8.22222 2 1.00093
8.22222 4 1.00093
8.22222 6 1.00093
8.22222 8 1.00093
8.22222 10 1.00093
8.22222 12 1.00093
8.22222 14 1.00093
8.22222 16 1.00093
8.22222 18 1.00093
8.22222 20 1.00093
8.22222 22 1.00094
8.22222 24 1.00094
8.22222 26 1.00094
8.22222 28 1.00094
8.22222 30 1.00094
8.22222 32 1.00094
8.22222 34 1.00094
8.22222 36 1.00094
8.22222 38 1.00094
8.22222 40 1.00094
8.22222 42 1.00094
8.22222 44 1.00094
8.22222 46 1.00094
8.22222 48 1.00094
8.22222 50 1.00094
8.22222 52 1.00094
8.22222 54 1.00094
8.22222 56 1.00093
8.22222 58 1.00093
8.22222 60 1.00093
8.22222 62 1.00093
8.22222 64 1.00093
8.22222 66 1.00093
8.22222 68 1.00093
8.22222 70 1.00093
8.22222 72 1.00093
8.22222 74 1.00093
8.22222 76 1.00093
8.22222 78 1.00093
8.22222 80 1.00093
8.22222 82 1.00093
8.22222 84 1.00093
8.22222 86 1.00093
8.22222 88 1.00093
8.22222 90 1.00093
8.44444 0 1.00094
8.44444 2 1.00094
8.44444 4 1.00094
8.44444 6 1.00094
8.44444 8 1.00094
8.44444 10 1.00094
8.44444 12 1.00094
8.44444 14 1.00094
8.44444 16 1.00094
8.44444 18 1.00094
8.44444 20 1.00094
8.44444 22 1.00094
8.44444 24 1.00094
8.44444 26 1.00094
8.44444 28 1.00094
8.44444 30 1.00094
8.44444 32 1.00094
8.44444 34 1.00094
8.44444 36 1.00094
8.44444 38 1.00094
8.44444 40 1.00094
8.44444 42 1.00094
8.44444 44 1.00094
8.44444 46 1.00094
8.44444 48 1.00094
8.44444 50 1.00094
8.44444 52 1.00094
8.44444 54 1.00094
8.44444 56 1.00094
8.44444 58 1.00094
8.44444 60 1.00094
8.44444 62 1.00094
8.44444 64 1.00094
8.44444 66 1.00094
8.44444 68 1.00094
8.44444 70 1.00094
8.44444 72 1.00094
8.44444 74 1.00094
8.44444 76 1.00094
8.44444 78 1.00094
8.44444 80 1.00094
8.44444 82 1.00094
8.44444 84 1.00094
8.44444 86 1.00094
8.44444 88 1.00094
8.44444 90 1.00094
8.66667 0 1.00094
8.66667 2 1.00094
8.66667 4 1.00094
8.66667 6 1.00094
8.66667 8 1.00094
8.66667 10 1.00094
8.66667 12 1.00094
8.66667 14 1.00094
8.66667 16 1.00094
8.66667 18 1.00094
8.66667 20 1.00094
8.66667 22 1.00094
8.66667 24 1.00094
8.66667 26 1.00094
8.66667 28 1.00094
8.66667 30 1.00094
8.66667 32 1.00094
8.66667 34 1.00094
8.66667 36 1.00094
8.66667 38 1.00094
8.66667 40 1.00094
8.66667 42 1.00094
8.66667 44 1.00094
8.66667 46 1.00094
8.66667 48 1.00094
8.66667 50 1.00094
8.66667 52 1.00094
8.66667 54 1.00094
8.66667 56 1.00094
8.66667 58 1.00094
8.66667 60 1.00094
8.66667 62 1.00094
8.66667 64 1.00094
8.66667 66 1.00094
8.66667 68 1.00094
8.66667 70 1.00094
8.66667 72 1.00094
8.66667 74 1.00094
8.66667 76 1.00094
8.66667 78 1.00094
8.66667 80 1.00094
8.66667 82 1.00094
8.66667 84 1.00094
8.66667 86 1.00094
8.66667 88 1.00094
8.66667 90 1.00094
8.88889 0 1.00094
8.88889 2 1.00094
8.88889 4 1.00094
8.88889 6 1.00094
8.88889 8 1.00094
8.88889 10 1.00094
8.88889 12 1.00094
8.88889 14 1.00094
8.88889 16 1.00094
8.88889 18 1.00094
8.88889 20 1.00094
8.88889 22 1.00094
8.88889 24 1.00094
8.88889 26 1.00094
8.88889 28 1.00094
8.88889 30 1.00094
8.88889 32 1.00094
8.88889 34 1.00094
8.88889 36 1.00094
8.88889 38 1.00094
8.88889 40 1.00094
8.88889 42 1.00094
8.88889 44 1.00094
8.88889 46 1.00094
8.88889 48 1.00094
8.88889 50 1.00094
8.88889 52 1.00094
8.88889 54 1.00094
8.88889 56 1.00094
8.88889 58 1.00094
8.88889 60 1.00094
8.88889 62 1.00094
8.88889 64 1.00094
8.88889 66 1.00094
8.88889 68 1.00094
8.88889 70 1.00094
8.88889 72 1.00094
8.88889 74 1.00094
8.88889 76 1.00094
8.88889 78 1.00094
8.88889 80 1.00094
8.88889 82 1.00094
8.88889 84 1.00094
8.88889 86 1.00094
8.88889 88 1.00094
8.88889 90 1.00094
9.11111 0 1.00094
9.11111 2 1.00094
9.11111 4 1.00094
9.11111 6 1.00094
9.11111 8 1.00094
9.11111 10 1.00094
9.11111 12 1.00094
9.11111 14 1.00094
9.11111 16 1.00094
9.11111 18 1.00094
9.11111 20 1.00094
9.11111 22 1.00094
9.11111 24 1.00094
9.11111 26 1.00094
9.11111 28 1.00094
9.11111 30 1.00094
9.11111 32 1.00094
9.11111 34 1.00094
9.11111 36 1.00094
9.11111 38 1.00094
9.11111 40 1.00094
9.11111 42 1.00094
9.11111 44 1.00094
9.11111 46 1.00094
9.11111 48 1.00094
9.11111 50 1.00094
9.11111 52 1.00094
9.11111 54 1.00094
9.11111 56 1.00094
9.11111 58 1.00094
9.11111 60 1.00094
9.11111 62 1.00094
9.11111 64 1.00094
9.11111 66 1.00094
9.11111 68 1.00094
9.11111 70 1.00094
9.11111 72 1.00094
9.11111 74 1.00094
9.11111 76 1.00094
9.11111 78 1.00094
9.11111 80 1.00094
9.11111 82 1.00094
9.11111 84 1.00094
9.11111 86 1.00094
9.11111 88 1.00094
9.11111 90 1.00094
9.33333 0 1.00094
9.33333 2 1.00094
9.33333 4 1.00094
9.33333 6 1.00094
9.33333 8 1.00094
9.33333 10 1.00094
9.33333 12 1.00094
9.33333 14 1.00094
9.33333 16 1.00094
9.33333 18 1.00094
9.33333 20 1.00094
9.33333 22 1.00094
9.33333 24 1.00094
9.33333 26 1.00094
9.33333 28 1.00094
9.33333 30 1.00094
9.33333 32 1.00094
9.33333 34 1.00094
9.33333 36 1.00094
9.33333 38 1.00094
9.33333 40 1.00094
9.33333 42 1.00094
9.33333 44 1.00094
9.33333 46 1.00094
9.33333 48 1.00094
9.33333 50 1.00094
9.33333 52 1.00094
9.33333 54 1.00094
9.33333 56 1.00094
9.33333 58 1.00094
9.33333 60 1.00094
9.33333 62 1.00094
9.33333 64 1.00094
9.33333 66 1.00094
9.33333 68 1.00094
9.33333 70 1.00094
9.33333 72 1.00094
9.33333 74 1.00094
9.33333 76 1.00094
9.33333 78 1.00094
9.33333 80 1.00094
9.33333 82 1.00094
9.33333 84 1.00094
9.33333 86 1.00094
9.33333 88 1.00094
9.33333 90 1.00094
9.55556 0 1.00094
9.55556 2 1.00094
9.55556 4 1.00094
9.55556 6 1.00094
9.55556 8 1.00094
9.55556 10 1.00094
9.55556 12 1.00094
9.55556 14 1.00094
9.55556 16 1.00094
9.55556 18 1.00094
9.55556 20 1.00094
9.55556 22 1.00094
9.55556 24 1.00094
9.55556 26 1.00094
9.55556 28 1.00094
9.55556 30 1.00094
9.55556 32 1.00094
9.55556 34 1.00094
9.55556 36 1.00094
9.55556 38 1.00094
9.55556 40 1.00094
9.55556 42 1.00094
9.55556 44 1.00094
9.55556 46 1.00094
9.55556 48 1.00094
9.55556 50 1.00094
9.55556 52 1.00094
9.55556 54 1.00094
9.55556 56 1.00094
9.55556 58 1.00094
9.55556 60 1.00094
9.55556 62 1.00094
9.55556 64 1.00094
9.55556 66 1.00094
9.55556 68 1.00094
9.55556 70 1.00094
9.55556 72 1.00094
9.55556 74 1.00094
9.55556 76 1.00094
9.55556 78 1.00094
9.55556 80 1.00094
9.55556 82 1.00094
9.55556 84 1.00094
9.55556 86 1.00094
9.55556 88 1.00094
9.55556 90 1.00094
9.77778 0 1.00094
9.77778 2 1.00094
9.77778 4 1.00094
9.77778 6 1.00094
9.77778 8 1.00094
9.77778 10 1.00094
9.77778 12 1.00094
9.77778 14 1.00094
9.77778 16 1.00094
9.77778 18 1.00094
9.77778 20 1.00094
9.77778 22 1.00094
9.77778 24 1.00094
9.77778 26 1.00094
9.77778 28 1.00094
9.77778 30 1.00094
9.77778 32 1.00094
9.77778 34 1.00094
9.77778 36 1.00094
9.77778 38 1.00094
9.77778 40 1.00094
9.77778 42 1.00094
9.77778 44 1.00094
9.77778 46 1.00094
9.77778 48 1.00094
9.77778 50 1.00094
9.77778 52 1.00094
9.77778 54 1.00094
9.77778 56 1.00094
9.77778 58 1.00094
9.77778 60 1.00094
9.77778 62 1.00094
9.77778 64 1.00094
9.77778 66 1.00094
9.77778 68 1.00094
9.77778 70 1.00094
9.77778 72 1.00094
9.77778 74 1.00094
9.77778 76 1.00094
9.77778 78 1.00094
9.77778 80 1.00094
9.77778 82 1.00094
9.77778 84 1.00094
9.77778 86 1.00094
9.77778 88 1.00094
9.77778 90 1.00094
10 0 1.00094
10 2 1.00094
10 4 1.00094
10 6 1.00094
10 8 1.00094
10 10 1.00094
10 12 1.00094
10 14 1.00094
10 16 1.00094
10 18 1.00094
10 20 1.00094
10 22 1.00094
10 24 1.00094
10 26 1.00094
10 28 1.00094
10 30 1.00094
10 32 1.00094
10 34 1.00094
10 36 1.00094
10 38 1.00094
10 40 1.00094
10 42 1.00094
10 44 1.00094
10 46 1.00094
10 48 1.00094
10 50 1.00094
10 52 1.00094
10 54 1.00094
10 56 1.00094
10 58 1.00094
10 60 1.00094
10 62 1.00094
10 64 1.00094
10 66 1.00094
10 68 1.00094
10 70 1.00094
10 72 1.00094
10 74 1.00094
10 76 1.00094
10 78 1.00094
10 80 1.00094
10 82 1.00094
10 84 1.00094
10 86 1.00094
10 88 1.00094
10 90 1.00094
10.2222 0 1.00094
10.2222 2 1.00094
10.2222 4 1.00094
10.2222 6 1.00094
10.2222 8 1.00094
10.2222 10 1.00094
10.2222 12 1.00094
10.2222 14 1.00094
10.2222 16 1.00094
10.2222 18 1.00094
10.2222 20 1.00094
10.2222 22 1.00094
10.2222 24 1.00094
10.2222 26 1.00094
10.2222 28 1.00094
10.2222 30 1.00094
10.2222 32 1.00094
10.2222 34 1.00094
10.2222 36 1.00094
10.2222 38 1.00094
10.2222 40 1.00094
10.2222 42 1.00094
10.2222 44 1.00094
10.2222 46 1.00094
10.2222 48 1.00094
10.2222 50 1.00094
10.2222 52 1.00094
10.2222 54 1.00094
10.2222 56 1.00094
10.2222 58 1.00094
10.2222 60 1.00094
10.2222 62 1.00094
10.2222 64 1.00094
10.2222 66 1.00094
10.2222 68 1.00094
10.2222 70 1.00094
10.2222 72 1.00094
10.2222 74 1.00094
10.2222 76 1.00094
10.2222 78 1.00094
10.2222 80 1.00094
10.2222 82 1.00094
10.2222 84 1.00094
10.2222 86 1.00094
10.2222 88 1.00094
10.2222 90 1.00094
10.4444 0 1.00094
10.4444 2 1.00094
10.4444 4 1.00094
10.4444 6 1.00094
10.4444 8 1.00094
10.4444 10 1.00094
10.4444 12 1.00094
10.4444 14 1.00094
10.4444 16 1.00094
10.4444 18 1.00094
10.4444 20 1.00094
10.4444 22 1.00094
10.4444 24 1.00094
10.4444 26 1.00094
10.4444 28 1.00094
10.4444 30 1.00094
10.4444 32 1.00094
10.4444 34 1.00094
10.4444 36 1.00094
10.4444 38 1.00094
10.4444 40 1.00094
10.4444 42 1.00094
10.4444 44 1.00094
10.4444 46 1.00094
10.4444 48 1.00094
10.4444 50 1.00094
10.4444 52 1.00094
10.4444 54 1.00094
10.4444 56 1.00094
10.4444 58 1.00094
10.4444 60 1.00094
10.4444 62 1.00094
10.4444 64 1.00094
10.4444 66 1.00094
10.4444 68 1.00094
10.4444 70 1.00094
10.4444 72 1.00094
10.4444 74 1.00094
10.4444 76 1.00094
10.4444 78 1.00094
10.4444 80 1.00094
10.4444 82 1.00094
10.4444 84 1.00094
10.4444 86 1.00094
10.4444 88 1.00094
10.4444 90 1.00094
10.6667 0 1.00094
10.6667 2 1.00094
10.6667 4 1.00094
10.6667 6 1.00094
10.6667 8 1.00094
10.6667 10 1.00094
10.6667 12 1.00094
10.6667 14 1.00094
10.6667 16 1.00094
10.6667 18 1.00094
10.6667 20 1.00094
10.6667 22 1.00094
10.6667 24 1.00094
10.6667 26 1.00094
10.6667 28 1.00094
10.6667 30 1.00094
10.6667 32 1.00094
10.6667 34 1.00094
10.6667 36 1.00094
10.6667 38 1.00094
10.6667 40 1.00094
10.6667 42 1.00094
10.6667 44 1.00094
10.6667 46 1.00094
10.6667 48 1.00094
10.6667 50 1.00094
10.6667 52 1.00094
10.6667 54 1.00094
10.6667 56 1.00094
10.6667 58 1.00094
10.6667 60 1.00094
10.6667 62 1.00094
10.6667 64 1.00094
10.6667 66 1.00094
10.6667 68 1.00094
10.6667 70 1.00094
10.6667 72 1.00094
10.6667 74 1.00094
10.6667 76 1.00094
10.6667 78 1.00094
10.6667 80 1.00094
10.6667 82 1.00094
10.6667 84 1.00094
10.6667 86 1.00094
10.6667 88 1.00094
10.6667 90 1.00094
10.8889 0 1.00094
10.8889 2 1.00094
10.8889 4 1.00094
10.8889 6 1.00094
10.8889 8 1.00094
10.8889 10 1.00094
10.8889 12 1.00094
10.8889 14 1.00094
10.8889 16 1.00094
10.8889 18 1.00094
10.8889 20 1.00094
10.8889 22 1.00094
10.8889 24 1.00094
10.8889 26 1.00094
10.8889 28 1.00094
10.8889 30 1.00094
10.8889 32 1.00094
10.8889 34 1.00094
10.8889 36 1.00094
10.8889 38 1.00094
10.8889 40 1.00094
10.8889 42 1.00094
10.8889 44 1.00094
10.8889 46 1.00094
10.8889 48 1.00094
10.8889 50 1.00094
10.8889 52 1.00094
10.8889 54 1.00094
10.8889 56 1.00094
10.8889 58 1.00094
10.8889 60 1.00094
10.8889 62 1.00094
10.8889 64 1.00094
10.8889 66 1.00094
10.8889 68 1.00094
10.8889 70 1.00094
10.8889 72 1.00094
10.8889 74 1.00094
10.8889 76 1.00094
10.8889 78 1.00094
10.8889 80 1.00094
10.8889 82 1.00094
10.8889 84 1.00094
10.8889 86 1.00094
10.8889 88 1.00094
10.8889 90 1.00094
11.1111 0 1.00094
11.1111 2 1.00094
11.1111 4 1.00094
11.1111 6 1.00094
11.1111 8 1.00094
11.1111 10 1.00094
11.1111 12 1.00094
11.1111 14 1.00094
11.1111 16 1.00094
11.1111 18 1.00094
11.1111 20 1.00094
11.1111 22 1.00094
11.1111 24 1.00094
11.1111 26 1.00094
11.1111 28 1.00094
11.1111 30 1.00094
11.1111 32 1.00094
11.1111 34 1.00094
11.1111 36 1.00094
11.1111 38 1.00094
11.1111 40 1.00094
11.1111 42 1.00094
11.1111 44 1.00094
11.1111 46 1.00094
11.1111 48 1.00094
11.1111 50 1.00094
11.1111 52 1.00094
11.1111 54 1.00094
11.1111 56 1.00094
11.1111 58 1.00094
11.1111 60 1.00094
11.1111 62 1.00094
11.1111 64 1.00094
11.1111 66 1.00094
11.1111 68 1.00094
11.1111 70 1.00094
11.1111 72 1.00094
11.1111 74 1.00094
11.1111 76 1.00094
11.1111 78 1.00094
11.1111 80 1.00094
11.1111 82 1.00094
11.1111 84 1.00094
11.1111 86 1.00094
11.1111 88 1.00094
11.1111 90 1.00094
11.3333 0 1.00094
11.3333 2 1.00094
11.3333 4 1.00094
11.3333 6 1.00094
11.3333 8 1.00094
11.3333 10 1.00094
11.3333 12 1.00094
11.3333 14 1.00094
11.3333 16 1.00094
11.3333 18 1.00094
11.3333 20 1.00094
11.3333 22 1.00094
11.3333 24 1.00094
11.3333 26 1.00094
11.3333 28 1.00094
11.3333 30 1.00094
11.3333 32 1.00094
11.3333 34 1.00094
11.3333 36 1.00094
11.3333 38 1.00094
11.3333 40 1.00094
11.3333 42 1.00094
11.3333 44 1.00094
11.3333 46 1.00094
11.3333 48 1.00094
11.3333 50 1.00094
11.3333 52 1.00094
11.3333 54 1.00094
11.3333 56 1.00094
11.3333 58 1.00094
11.3333 60 1.00094
11.3333 62 1.00094
11.3333 64 1.00094
11.3333 66 1.00094
11.3333 68 1.00094
11.3333 70 1.00094
11.3333 72 1.00094
11.3333 74 1.00094
11.3333 76 1.00094
11.3333 78 1.00094
11.3333 80 1.00094
11.3333 82 1.00094
11.3333 84 1.00094
11.3333 86 1.00094
11.3333 88 1.00094
11.3333 90 1.00094
11.5556 0 1.00094
11.5556 2 1.00094
11.5556 4 1.00094
11.5556 6 1.00094
11.5556 8 1.00094
11.5556 10 1.00094
11.5556 12 1.00094
11.5556 14 1.00094
11.5556 16 1.00094
11.5556 18 1.00094
11.5556 20 1.00094
11.5556 22 1.00094
11.5556 24 1.00094
11.5556 26 1.00094
11.5556 28 1.00094
11.5556 30 1.00094
11.5556 32 1.00094
11.5556 34 1.00094
11.5556 36 1.00094
11.5556 38 1.00094
11.5556 40 1.00094
11.5556 42 1.00094
11.5556 44 1.00094
11.5556 46 1.00094
11.5556 48 1.00094
11.5556 50 1.00094
11.5556 52 1.00094
11.5556 54 1.00094
11.5556 56 1.00094
11.5556 58 1.00094
11.5556 60 1.00094
11.5556 62 1.00094
11.5556 64 1.00094
11.5556 66 1.00094
11.5556 68 1.00094
11.5556 70 1.00094
11.5556 72 1.00094
11.5556 74 1.00094
11.5556 76 1.00094
11.5556 78 1.00094
11.5556 80 1.00094
11.5556 82 1.00094
11.5556 84 1.00094
11.5556 86 1.00094
11.5556 88 1.00094
11.5556 90 1.00094
11.7778 0 1.00094
11.7778 2 1.00094
11.7778 4 1.00094
11.7778 6 1.00094
11.7778 8 1.00094
11.7778 10 1.00094
11.7778 12 1.00094
11.7778 14 1.00094
11.7778 16 1.00094
11.7778 18 1.00094
11.7778 20 1.00094
11.7778 22 1.00094
11.7778 24 1.00094
11.7778 26 1.00094
11.7778 28 1.00094
11.7778 30 1.00094
11.7778 32 1.00094
11.7778 34 1.00094
11.7778 36 1.00094
11.7778 38 1.00094
11.7778 40 1.00094
11.7778 42 1.00094
11.7778 44 1.00094
11.7778 46 1.00094
11.7778 48 1.00094
11.7778 50 1.00094
11.7778 52 1.00094
11.7778 54 1.00094
11.7778 56 1.00094
11.7778 58 1.00094
11.7778 60 1.00094
11.7778 62 1.00094
11.7778 64 1.00094
11.7778 66 1.00094
11.7778 68 1.00094
11.7778 70 1.00094
11.7778 72 1.00094
11.7778 74 1.00094
11.7778 76 1.00094
11.7778 78 1.00094
11.7778 80 1.00094
11.7778 82 1.00094
11.7778 84 1.00094
11.7778 86 1.00094
11.7778 88 1.00094
11.7778 90 1.00094
12 0 1.00094
12 2 1.00094
12 4 1.00094
12 6 1.00094
12 8 1.00094
12 10 1.00094
12 12 1.00094
12 14 1.00094
12 16 1.00094
12 18 1.00094
12 20 1.00094
12 22 1.00094
12 24 1.00094
12 26 1.00094
12 28 1.00094
12 30 1.00094
12 32 1.00094
12 34 1.00094
12 36 1.00094
12 38 1.00094
12 40 1.00094
12 42 1.00094
12 44 1.00094
12 46 1.00094
12 48 1.00094
12 50 1.00094
12 52 1.00094
12 54 1.00094
12 56 1.00094
12 58 1.00094
12 60 1.00094
12 62 1.00094
12 64 1.00094
12 66 1.00094
12 68 1.00094
12 70 1.00094
12 72 1.00094
12 74 1.00094
12 76 1.00094
12 78 1.00094
12 80 1.00094
12 82 1.00094
12 84 1.00094
12 86 1.00094
12 88 1.00094
12 90 1.00094
12.2222 0 1.00094
12.2222 2 1.00094
12.2222 4 1.00094
12.2222 6 1.00094
12.2222 8 1.00094
12.2222 10 1.00094
12.2222 12 1.00094
12.2222 14 1.00094
12.2222 16 1.00094
12.2222 18 1.00094
12.2222 20 1.00094
12.2222 22 1.00094
12.2222 24 1.00094
12.2222 26 1.00094
12.2222 28 1.00094
12.2222 30 1.00094
12.2222 32 1.00094
12.2222 34 1.00094
12.2222 36 1.00094
12.2222 38 1.00094
12.2222 40 1.00094
12.2222 42 1.00094
12.2222 44 1.00094
12.2222 46 1.00094
12.2222 48 1.00094
12.2222 50 1.00094
12.2222 52 1.00094
12.2222 54 1.00094
12.2222 56 1.00094
12.2222 58 1.00094
12.2222 60 1.00094
12.2222 62 1.00094
12.2222 64 1.00094
12.2222 66 1.00094
12.2222 68 1.00094
12.2222 70 1.00094
12.2222 72 1.00094
12.2222 74 1.00094
12.2222 76 1.00094
12.2222 78 1.00094
12.2222 80 1.00094
12.2222 82 1.00094
12.2222 84 1.00094
12.2222 86 1.00094
12.2222 88 1.00094
12.2222 90 1.00094
12.4444 0 1.00094
12.4444 2 1.00094
12.4444 4 1.00094
12.4444 6 1.00094
12.4444 8 1.00094
12.4444 10 1.00094
12.4444 12 1.00094
12.4444 14 1.00094
12.4444 16 1.00094
12.4444 18 1.00094
12.4444 20 1.00094
12.4444 22 1.00094
12.4444 24 1.00094
12.4444 26 1.00094
12.4444 28 1.00094
12.4444 30 1.00094
12.4444 32 1.00094
12.4444 34 1.00094
12.4444 36 1.00094
12.4444 38 1.00094
12.4444 40 1.00094
12.4444 42 1.00094
12.4444 44 1.00094
12.4444 46 1.00094
12.4444 48 1.00094
12.4444 50 1.00094
12.4444 52 1.00094
12.4444 54 1.00094
12.4444 56 1.00094
12.4444 58 1.00094
12.4444 60 1.00094
12.4444 62 1.00094
12.4444 64 1.00094
12.4444 66 1.00094
12.4444 68 1.00094
12.4444 70 1.00094
12.4444 72 1.00094
12.4444 74 1.00094
12.4444 76 1.00094
12.4444 78 1.00094
12.4444 80 1.00094
12.4444 82 1.00094
12.4444 84 1.00094
12.4444 86 1.00094
12.4444 88 1.00094
12.4444 90 1.00094
12.6667 0 1.00094
12.6667 2 1.00094
12.6667 4 1.00094
12.6667 6 1.00094
12.6667 8 1.00094
12.6667 10 1.00094
12.6667 12 1.00094
12.6667 14 1.00094
12.6667 16 1.00094
12.6667 18 1.00094
12.6667 20 1.00094
12.6667 22 1.00094
12.6667 24 1.00094
12.6667 26 1.00094
12.6667 28 1.00094
12.6667 30 1.00094
12.6667 32 1.00094
12.6667 34 1.00094
12.6667 36 1.00094
12.6667 38 1.00094
12.6667 40 1.00094
12.6667 42 1.00094
12.6667 44 1.00094
12.6667 46 1.00094
12.6667 48 1.00094
12.6667 50 1.00094
12.6667 52 1.00094
12.6667 54 1.00094
12.6667 56 1.00094
12.6667 58 1.00094
12.6667 60 1.00094
12.6667 62 1.00094
12.6667 64 1.00094
12.6667 66 1.00094
12.6667 68 1.00094
12.6667 70 1.00094
12.6667 72 1.00094
12.6667 74 1.00094
12.6667 76 1.00094
12.6667 78 1.00094
12.6667 80 1.00094
12.6667 82 1.00094
12.6667 84 1.00094
12.6667 86 1.00094
12.6667 88 1.00094
12.6667 90 1.00094
12.8889 0 1.00094
12.8889 2 1.00094
12.8889 4 1.00094
12.8889 6 1.00094
12.8889 8 1.00094
12.8889 10 1.00094
12.8889 12 1.00094
12.8889 14 1.00094
12.8889 16 1.00094
12.8889 18 1.00094
12.8889 20 1.00094
12.8889 22 1.00094
12.8889 24 1.00094
12.8889 26 1.00094
12.8889 28 1.00094
12.8889 30 1.00094
12.8889 32 1.00094
12.8889 34 1.00094
12.8889 36 1.00094
12.8889 38 1.00094
12.8889 40 1.00094
12.8889 42 1.00094
12.8889 44 1.00094
12.8889 46 1.00094
12.8889 48 1.00094
12.8889 50 1.00094
12.8889 52 1.00094
12.8889 54 1.00094
12.8889 56 1.00094
12.8889 58 1.00094
12.8889 60 1.00094
12.8889 62 1.00094
12.8889 64 1.00094
12.8889 66 1.00094
12.8889 68 1.00094
12.8889 70 1.00094
12.8889 72 1.00094
12.8889 74 1.00094
12.8889 76 1.00094
12.8889 78 1.00094
12.8889 80 1.00094
12.8889 82 1.00094
12.8889 84 1.00094
12.8889 86 1.00094
12.8889 88 1.00094
12.8889 90 1.00094
13.1111 0 1.00094
13.1111 2 1.00094
13.1111 4 1.00094
13.1111 6 1.00094
13.1111 8 1.00094
13.1111 10 1.00094
13.1111 12 1.00094
13.1111 14 1.00094
13.1111 16 1.00094
13.1111 18 1.00094
13.1111 20 1.00094
13.1111 22 1.00094
13.1111 24 1.00094
13.1111 26 1.00094
13.1111 28 1.00094
13.1111 30 1.00094
13.1111 32 1.00094
13.1111 34 1.00094
13.1111 36 1.00094
13.1111 38 1.00094
13.1111 40 1.00094
13.1111 42 1.00094
13.1111 44 1.00094
13.1111 46 1.00094
13.1111 48 1.00094
13.1111 50 1.00094
13.1111 52 1.00094
13.1111 54 1.00094
13.1111 56 1.00094
13.1111 58 1.00094
13.1111 60 1.00094
13.1111 62 1.00094
13.1111 64 1.00094
13.1111 66 1.00094
13.1111 68 1.00094
13.1111 70 1.00094
13.1111 72 1.00094
13.1111 74 1.00094
13.1111 76 1.00094
13.1111 78 1.00094
13.1111 80 1.00094
13.1111 82 1.00094
13.1111 84 1.00094
13.1111 86 1.00094
13.1111 88 1.00094
13.1111 90 1.00094
13.3333 0 1.00094
13.3333 2 1.00094
13.3333 4 1.00094
13.3333 6 1.00094
13.3333 8 1.00094
13.3333 10 1.00094
13.3333 12 1.00094
13.3333 14 1.00094
13.3333 16 1.00094
13.3333 18 1.00094
13.3333 20 1.00094
13.3333 22 1.00094
13.3333 24 1.00094
13.3333 26 1.00094
13.3333 28 1.00094
13.3333 30 1.00094
13.3333 32 1.00094
13.3333 34 1.00094
13.3333 36 1.00094
13.3333 38 1.00094
13.3333 40 1.00094
13.3333 42 1.00094
13.3333 44 1.00094
13.3333 46 1.00094
13.3333 48 1.00094
13.3333 50 1.00094
13.3333 52 1.00094
13.3333 54 1.00094
13.3333 56 1.00094
13.3333 58 1.00094
13.3333 60 1.00094
13.3333 62 1.00094
13.3333 64 1.00094
13.3333 66 1.00094
13.3333 68 1.00094
13.3333 70 1.00094
13.3333 72 1.00094
13.3333 74 1.00094
13.3333 76 1.00094
13.3333 78 1.00094
13.3333 80 1.00094
13.3333 82 1.00094
13.3333 84 1.00094
13.3333 86 1.00094
13.3333 88 1.00094
13.3333 90 1.00094
13.5556 0 1.00094
13.5556 2 1.00094
13.5556 4 1.00094
13.5556 6 1.00094
13.5556 8 1.00094
13.5556 10 1.00094
13.5556 12 1.00094
13.5556 14 1.00094
13.5556 16 1.00094
13.5556 18 1.00094
13.5556 20 1.00094
13.5556 22 1.00094
13.5556 24 1.00094
13.5556 26 1.00094
13.5556 28 1.00094
13.5556 30 1.00094
13.5556 32 1.00094
13.5556 34 1.00094
13.5556 36 1.00094
13.5556 38 1.00094
13.5556 40 1.00094
13.5556 42 1.00094
13.5556 44 1.00094
13.5556 46 1.00094
13.5556 48 1.00094
13.5556 50 1.00094
13.5556 52 1.00094
13.5556 54 1.00094
13.5556 56 1.00094
13.5556 58 1.00094
13.5556 60 1.00094
13.5556 62 1.00094
13.5556 64 1.00094
13.5556 66 1.00094
13.5556 68 1.00094
13.5556 70 1.00094
13.5556 72 1.00094
13.5556 74 1.00094
13.5556 76 1.00094
13.5556 78 1.00094
13.5556 80 1.00094
13.5556 82 1.00094
13.5556 84 1.00094
13.5556 86 1.00094
13.5556 88 1.00094
13.5556 90 1.00094
13.7778 0 1.00094
13.7778 2 1.00094
13.7778 4 1.00094
13.7778 6 1.00094
13.7778 8 1.00094
13.7778 10 1.00094
13.7778 12 1.00094
13.7778 14 1.00094
13.7778 16 1.00094
13.7778 18 1.00094
13.7778 20 1.00094
13.7778 22 1.00094
13.7778 24 1.00094
13.7778 26 1.00094
13.7778 28 1.00094
13.7778 30 1.00094
13.7778 32 1.00094
13.7778 34 1.00094
13.7778 36 1.00094
13.7778 38 1.00094
13.7778 40 1.00094
13.7778 42 1.00094
13.7778 44 1.00094
13.7778 46 1.00094
13.7778 48 1.00094
13.7778 50 1.00094
13.7778 52 1.00094
13.7778 54 1.00094
13.7778 56 1.00094
13.7778 58 1.00094
13.7778 60 1.00094
13.7778 62 1.00094
13.7778 64 1.00094
13.7778 66 1.00094
13.7778 68 1.00094
13.7778 70 1.00094
13.7778 72 1.00094
13.7778 74 1.00094
13.7778 76 1.00094
13.7778 78 1.00094
13.7778 80 1.00094
13.7778 82 1.00094
13.7778 84 1.00094
13.7778 86 1.00094
13.7778 88 1.00094
13.7778 90 1.00094
14 0 1.00094
14 2 1.00094
14 4 1.00094
14 6 1.00094
14 8 1.00094
14 10 1.00094
14 12 1.00094
14 14 1.00094
14 16 1.00094
14 18 1.00094
14 20 1.00094
14 22 1.00094
14 24 1.00094
14 26 1.00094
14 28 1.00094
14 30 1.00094
14 32 1.00094
14 34 1.00094
14 36 1.00094
14 38 1.00094
14 40 1.00094
14 42 1.00094
14 44 1.00094
14 46 1.00094
14 48 1.00094
14 50 1.00094
14 52 1.00094
14 54 1.00094
14 56 1.00094
14 58 1.00094
14 60 1.00094
14 62 1.00094
14 64 1.00094
14 66 1.00094
14 68 1.00094
14 70 1.00094
14 72 1.00094
14 74 1.00094
14 76 1.00094
14 78 1.00094
14 80 1.00094
14 82 1.00094
14 84 1.00094
14 86 1.00094
14 88 1.00094
14 90 1.00094
14.2222 0 1.00094
14.2222 2 1.00094
14.2222 4 1.00094
14.2222 6 1.00094
14.2222 8 1.00094
14.2222 10 1.00094
14.2222 12 1.00094
14.2222 14 1.00094
14.2222 16 1.00094
14.2222 18 1.00094
14.2222 20 1.00094
14.2222 22 1.00094
14.2222 24 1.00094
14.2222 26 1.00094
14.2222 28 1.00094
14.2222 30 1.00094
14.2222 32 1.00094
14.2222 34 1.00094
14.2222 36 1.00094
14.2222 38 1.00094
14.2222 40 1.00094
14.2222 42 1.00094
14.2222 44 1.00094
14.2222 46 1.00094
14.2222 48 1.00094
14.2222 50 1.00094
14.2222 52 1.00094
14.2222 54 1.00094
14.2222 56 1.00094
14.2222 58 1.00094
14.2222 60 1.00094
14.2222 62 1.00094
14.2222 64 1.00094
14.2222 66 1.00094
14.2222 68 1.00094
14.2222 70 1.00094
14.2222 72 1.00094
14.2222 74 1.00094
14.2222 76 1.00094
14.2222 78 1.00094
14.2222 80 1.00094
14.2222 82 1.00094
14.2222 84 1.00094
14.2222 86 1.00094
14.2222 88 1.00094
14.2222 90 1.00094
14.4444 0 1.00094
14.4444 2 1.00094
14.4444 4 1.00094
14.4444 6 1.00094
14.4444 8 1.00094
14.4444 10 1.00094
14.4444 12 1.00094
14.4444 14 1.00094
14.4444 16 1.00094
14.4444 18 1.00094
14.4444 20 1.00094
14.4444 22 1.00094
14.4444 24 1.00094
14.4444 26 1.00094
14.4444 28 1.00094
14.4444 30 1.00094
14.4444 32 1.00094
14.4444 34 1.00094
14.4444 36 1.00094
14.4444 38 1.00094
14.4444 40 1.00094
14.4444 42 1.00094
14.4444 44 1.00094
14.4444 46 1.00094
14.4444 48 1.00094
14.4444 50 1.00094
14.4444 52 1.00094
14.4444 54 1.00094
14.4444 56 1.00094
14.4444 58 1.00094
14.4444 60 1.00094
14.4444 62 1.00094
14.4444 64 1.00094
14.4444 66 1.00094
14.4444 68 1.00094
14.4444 70 1.00094
14.4444 72 1.00094
14.4444 74 1.00094
14.4444 76 1.00094
14.4444 78 1.00094
14.4444 80 1.00094
14.4444 82 1.00094
14.4444 84 1.00094
14.4444 86 1.00094
14.4444 88 1.00094
14.4444 90 1.00094
14.6667 0 1.00094
14.6667 2 1.00094
14.6667 4 1.00094
14.6667 6 1.00094
14.6667 8 1.00094
14.6667 10 1.00094
14.6667 12 1.00094
14.6667 14 1.00094
14.6667 16 1.00094
14.6667 18 1.00094
14.6667 20 1.00094
14.6667 22 1.00094
14.6667 24 1.00094
14.6667 26 1.00094
14.6667 28 1.00094
14.6667 30 1.00094
14.6667 32 1.00094
14.6667 34 1.00094
14.6667 36 1.00094
14.6667 38 1.00094
14.6667 40 1.00094
14.6667 42 1.00094
14.6667 44 1.00094
14.6667 46 1.00094
14.6667 48 1.00094
14.6667 50 1.00094
14.6667 52 1.00094
14.6667 54 1.00094
14.6667 56 1.00094
14.6667 58 1.00094
14.6667 60 1.00094
14.6667 62 1.00094
14.6667 64 1.00094
14.6667 66 1.00094
14.6667 68 1.00094
14.6667 70 1.00094
14.6667 72 1.00094
14.6667 74 1.00094
14.6667 76 1.00094
14.6667 78 1.00094
14.6667 80 1.00094
14.6667 82 1.00094
14.6667 84 1.00094
14.6667 86 1.00094
14.6667 88 1.00094
14.6667 90 1.00094
14.8889 0 1.00094
14.8889 2 1.00094
14.8889 4 1.00094
14.8889 6 1.00094
14.8889 8 1.00094
14.8889 10 1.00094
14.8889 12 1.00094
14.8889 14 1.00094
14.8889 16 1.00094
14.8889 18 1.00094
14.8889 20 1.00094
14.8889 22 1.00094
14.8889 24 1.00094
14.8889 26 1.00094
14.8889 28 1.00094
14.8889 30 1.00094
14.8889 32 1.00094
14.8889 34 1.00094
14.8889 36 1.00094
14.8889 38 1.00094
14.8889 40 1.00094
14.8889 42 1.00094
14.8889 44 1.00094
14.8889 46 1.00094
14.8889 48 1.00094
14.8889 50 1.00094
14.8889 52 1.00094
14.8889 54 1.00094
14.8889 56 1.00094
14.8889 58 1.00094
14.8889 60 1.00094
14.8889 62 1.00094
14.8889 64 1.00094
14.8889 66 1.00094
14.8889 68 1.00094
14.8889 70 1.00094
14.8889 72 1.00094
14.8889 74 1.00094
14.8889 76 1.00094
14.8889 78 1.00094
14.8889 80 1.00094
14.8889 82 1.00094
14.8889 84 1.00094
14.8889 86 1.00094
14.8889 88 1.00094
14.8889 90 1.00094
15.1111 0 1.00094
15.1111 2 1.00094
15.1111 4 1.00094
15.1111 6 1.00094
15.1111 8 1.00094
15.1111 10 1.00094
15.1111 12 1.00094
15.1111 14 1.00094
15.1111 16 1.00094
15.1111 18 1.00094
15.1111 20 1.00094
15.1111 22 1.00094
15.1111 24 1.00094
15.1111 26 1.00094
15.1111 28 1.00094
15.1111 30 1.00094
15.1111 32 1.00094
15.1111 34 1.00094
15.1111 36 1.00094
15.1111 38 1.00094
15.1111 40 1.00094
15.1111 42 1.00094
15.1111 44 1.00094
15.1111 46 1.00094
15.1111 48 1.00094
15.1111 50 1.00094
15.1111 52 1.00094
15.1111 54 1.00094
15.1111 56 1.00094
15.1111 58 1.00094
15.1111 60 1.00094
15.1111 62 1.00094
15.1111 64 1.00094
15.1111 66 1.00094
15.1111 68 1.00094
15.1111 70 1.00094
15.1111 72 1.00094
15.1111 74 1.00094
15.1111 76 1.00094
15.1111 78 1.00094
15.1111 80 1.00094
15.1111 82 1.00094
15.1111 84 1.00094
15.1111 86 1.00094
15.1111 88 1.00094
15.1111 90 1.00094
15.3333 0 1.00094
15.3333 2 1.00094
15.3333 4 1.00094
15.3333 6 1.00094
15.3333 8 1.00094
15.3333 10 1.00094
15.3333 12 1.00094
15.3333 14 1.00094
15.3333 16 1.00094
15.3333 18 1.00094
15.3333 20 1.00094
15.3333 22 1.00094
15.3333 24 1.00094
15.3333 26 1.00094
15.3333 28 1.00094
15.3333 30 1.00094
15.3333 32 1.00094
15.3333 34 1.00094
15.3333 36 1.00094
15.3333 38 1.00094
15.3333 40 1.00094
15.3333 42 1.00094
15.3333 44 1.00094
15.3333 46 1.00094
15.3333 48 1.00094
15.3333 50 1.00094
15.3333 52 1.00094
15.3333 54 1.00094
15.3333 56 1.00094
15.3333 58 1.00094
15.3333 60 1.00094
15.3333 62 1.00094
15.3333 64 1.00094
15.3333 66 1.00094
15.3333 68 1.00094
15.3333 70 1.00094
15.3333 72 1.00094
15.3333 74 1.00094
15.3333 76 1.00094
15.3333 78 1.00094
15.3333 80 1.00094
15.3333 82 1.00094
15.3333 84 1.00094
15.3333 86 1.00094
15.3333 88 1.00094
15.3333 90 1.00094
15.5556 0 1.00094
15.5556 2 1.00094
15.5556 4 1.00094
15.5556 6 1.00094
15.5556 8 1.00094
15.5556 10 1.00094
15.5556 12 1.00094
15.5556 14 1.00094
15.5556 16 1.00094
15.5556 18 1.00094
15.5556 20 1.00094
15.5556 22 1.00094
15.5556 24 1.00094
15.5556 26 1.00094
15.5556 28 1.00094
15.5556 30 1.00094
15.5556 32 1.00094
15.5556 34 1.00094
15.5556 36 1.00094
15.5556 38 1.00094
15.5556 40 1.00094
15.5556 42 1.00094
15.5556 44 1.00094
15.5556 46 1.00094
15.5556 48 1.00094
15.5556 50 1.00094
15.5556 52 1.00094
15.5556 54 1.00094
15.5556 56 1.00094
15.5556 58 1.00094
15.5556 60 1.00094
15.5556 62 1.00094
15.5556 64 1.00094
15.5556 66 1.00094
15.5556 68 1.00094
15.5556 70 1.00094
15.5556 72 1.00094
15.5556 74 1.00094
15.5556 76 1.00094
15.5556 78 1.00094
15.5556 80 1.00094
15.5556 82 1.00094
15.5556 84 1.00094
15.5556 86 1.00094
15.5556 88 1.00094
15.5556 90 1.00094
15.7778 0 1.00094
15.7778 2 1.00094
15.7778 4 1.00094
15.7778 6 1.00094
15.7778 8 1.00094
15.7778 10 1.00094
15.7778 12 1.00094
15.7778 14 1.00094
15.7778 16 1.00094
15.7778 18 1.00094
15.7778 20 1.00094
15.7778 22 1.00094
15.7778 24 1.00094
15.7778 26 1.00094
15.7778 28 1.00094
15.7778 30 1.00094
15.7778 32 1.00094
15.7778 34 1.00094
15.7778 36 1.00094
15.7778 38 1.00094
15.7778 40 1.00094
15.7778 42 1.00094
15.7778 44 1.00094
15.7778 46 1.00094
15.7778 48 1.00094
15.7778 50 1.00094
15.7778 52 1.00094
15.7778 54 1.00094
15.7778 56 1.00094
15.7778 58 1.00094
15.7778 60 1.00094
15.7778 62 1.00094
15.7778 64 1.00094
15.7778 66 1.00094
15.7778 68 1.00094
15.7778 70 1.00094
15.7778 72 1.00094
15.7778 74 1.00094
15.7778 76 1.00094
15.7778 78 1.00094
15.7778 80 1.00094
15.7778 82 1.00094
15.7778 84 1.00094
15.7778 86 1.00094
15.7778 88 1.00094
15.7778 90 1.00094
16 0 1.00094
16 2 1.00094
16 4 1.00094
16 6 1.00094
16 8 1.00094
16 10 1.00094
16 12 1.00094
16 14 1.00094
16 16 1.00094
16 18 1.00094
16 20 1.00094
16 22 1.00094
16 24 1.00094
16 26 1.00094
16 28 1.00094
16 30 1.00094
16 32 1.00094
16 34 1.00094
16 36 1.00094
16 38 1.00094
16 40 1.00094
16 42 1.00094
16 44 1.00094
16 46 1.00094
16 48 1.00094
16 50 1.00094
16 52 1.00094
16 54 1.00094
16 56 1.00094
16 58 1.00094
16 60 1.00094
16 62 1.00094
16 64 1.00094
16 66 1.00094
16 68 1.00094
16 70 1.00094
16 72 1.00094
16 74 1.00094
16 76 1.00094
16 78 1.00094
16 80 1.00094
16 82 1.00094
16 84 1.00094
16 86 1.00094
16 88 1.00094
16 90 1.00094
16.2222 0 1.00094
16.2222 2 1.00094
16.2222 4 1.00094
16.2222 6 1.00094
16.2222 8 1.00094
16.2222 10 1.00094
16.2222 12 1.00094
16.2222 14 1.00094
16.2222 16 1.00094
16.2222 18 1.00094
16.2222 20 1.00094
16.2222 22 1.00094
16.2222 24 1.00094
16.2222 26 1.00094
16.2222 28 1.00094
16.2222 30 1.00094
16.2222 32 1.00094
16.2222 34 1.00094
16.2222 36 1.00094
16.2222 38 1.00094
16.2222 40 1.00094
16.2222 42 1.00094
16.2222 44 1.00094
16.2222 46 1.00094
16.2222 48 1.00094
16.2222 50 1.00094
16.2222 52 1.00094
16.2222 54 1.00094
16.2222 56 1.00094
16.2222 58 1.00094
16.2222 60 1.00094
16.2222 62 1.00094
16.2222 64 1.00094
16.2222 66 1.00094
16.2222 68 1.00094
16.2222 70 1.00094
16.2222 72 1.00094
16.2222 74 1.00094
16.2222 76 1.00094
16.2222 78 1.00094
16.2222 80 1.00094
16.2222 82 1.00094
16.2222 84 1.00094
16.2222 86 1.00094
16.2222 88 1.00094
16.2222 90 1.00094
16.4444 0 1.00094
16.4444 2 1.00094
16.4444 4 1.00094
16.4444 6 1.00094
16.4444 8 1.00094
16.4444 10 1.00094
16.4444 12 1.00094
16.4444 14 1.00094
16.4444 16 1.00094
16.4444 18 1.00094
16.4444 20 1.00094
16.4444 22 1.00094
16.4444 24 1.00094
16.4444 26 1.00094
16.4444 28 1.00094
16.4444 30 1.00094
16.4444 32 1.00094
16.4444 34 1.00094
16.4444 36 1.00094
16.4444 38 1.00094
16.4444 40 1.00094
16.4444 42 1.00094
16.4444 44 1.00094
16.4444 46 1.00094
16.4444 48 1.00094
16.4444 50 1.00094
16.4444 52 1.00094
16.4444 54 1.00094
16.4444 56 1.00094
16.4444 58 1.00094
16.4444 60 1.00094
16.4444 62 1.00094
16.4444 64 1.00094
16.4444 66 1.00094
16.4444 68 1.00094
16.4444 70 1.00094
16.4444 72 1.00094
16.4444 74 1.00094
16.4444 76 1.00094
16.4444 78 1.00094
16.4444 80 1.00094
16.4444 82 1.00094
16.4444 84 1.00094
16.4444 86 1.00094
16.4444 88 1.00094
16.4444 90 1.00094
16.6667 0 1.00094
16.6667 2 1.00094
16.6667 4 1.00094
16.6667 6 1.00094
16.6667 8 1.00094
16.6667 10 1.00094
16.6667 12 1.00094
16.6667 14 1.00094
16.6667 16 1.00094
16.6667 18 1.00094
16.6667 20 1.00094
16.6667 22 1.00094
16.6667 24 1.00094
16.6667 26 1.00094
16.6667 28 1.00094
16.6667 30 1.00094
16.6667 32 1.00094
16.6667 34 1.00094
16.6667 36 1.00094
16.6667 38 1.00094
16.6667 40 1.00094
16.6667 42 1.00094
16.6667 44 1.00094
16.6667 46 1.00094
16.6667 48 1.00094
16.6667 50 1.00094
16.6667 52 1.00094
16.6667 54 1.00094
16.6667 56 1.00094
16.6667 58 1.00094
16.6667 60 1.00094
16.6667 62 1.00094
16.6667 64 1.00094
16.6667 66 1.00094
16.6667 68 1.00094
16.6667 70 1.00094
16.6667 72 1.00094
16.6667 74 1.00094
16.6667 76 1.00094
16.6667 78 1.00094
16.6667 80 1.00094
16.6667 82 1.00094
16.6667 84 1.00094
16.6667 86 1.00094
16.6667 88 1.00094
16.6667 90 1.00094
16.8889 0 1.00094
16.8889 2 1.00094
16.8889 4 1.00094
16.8889 6 1.00094
16.8889 8 1.00094
16.8889 10 1.00094
16.8889 12 1.00094
16.8889 14 1.00094
16.8889 16 1.00094
16.8889 18 1.00094
16.8889 20 1.00094
16.8889 22 1.00094
16.8889 24 1.00094
16.8889 26 1.00094
16.8889 28 1.00094
16.8889 30 1.00094
16.8889 32 1.00094
16.8889 34 1.00094
16.8889 36 1.00094
16.8889 38 1.00094
16.8889 40 1.00094
16.8889 42 1.00094
16.8889 44 1.00094
16.8889 46 1.00094
16.8889 48 1.00094
16.8889 50 1.00094
16.8889 52 1.00094
16.8889 54 1.00094
16.8889 56 1.00094
16.8889 58 1.00094
16.8889 60 1.00094
16.8889 62 1.00094
16.8889 64 1.00094
16.8889 66 1.00094
16.8889 68 1.00094
16.8889 70 1.00094
16.8889 72 1.00094
16.8889 74 1.00094
16.8889 76 1.00094
16.8889 78 1.00094
16.8889 80 1.00094
16.8889 82 1.00094
16.8889 84 1.00094
16.8889 86 1.00094
16.8889 88 1.00094
16.8889 90 1.00094
17.1111 0 1.00094
17.1111 2 1.00094
17.1111 4 1.00094
17.1111 6 1.00094
17.1111 8 1.00094
17.1111 10 1.00094
17.1111 12 1.00094
17.1111 14 1.00094
17.1111 16 1.00094
17.1111 18 1.00094
17.1111 20 1.00094
17.1111 22 1.00094
17.1111 24 1.00094
17.1111 26 1.00094
17.1111 28 1.00094
17.1111 30 1.00094
17.1111 32 1.00094
17.1111 34 1.00094
17.1111 36 1.00094
17.1111 38 1.00094
17.1111 40 1.00094
17.1111 42 1.00094
17.1111 44 1.00094
17.1111 46 1.00094
17.1111 48 1.00094
17.1111 50 1.00094
17.1111 52 1.00094
17.1111 54 1.00094
17.1111 56 1.00094
17.1111 58 1.00094
17.1111 60 1.00094
17.1111 62 1.00094
17.1111 64 1.00094
17.1111 66 1.00094
17.1111 68 1.00094
17.1111 70 1.00094
17.1111 72 1.00094
17.1111 74 1.00094
17.1111 76 1.00094
17.1111 78 1.00094
17.1111 80 1.00094
17.1111 82 1.00094
17.1111 84 1.00094
17.1111 86 1.00094
17.1111 88 1.00094
17.1111 90 1.00094
17.3333 0 1.00094
17.3333 2 1.00094
17.3333 4 1.00094
17.3333 6 1.00094
17.3333 8 1.00094
17.3333 10 1.00094
17.3333 12 1.00094
17.3333 14 1.00094
17.3333 16 1.00094
17.3333 18 1.00094
17.3333 20 1.00094
17.3333 22 1.00094
17.3333 24 1.00094
17.3333 26 1.00094
17.3333 28 1.00094
17.3333 30 1.00094
17.3333 32 1.00094
17.3333 34 1.00094
17.3333 36 1.00094
17.3333 38 1.00094
17.3333 40 1.00094
17.3333 42 1.00094
17.3333 44 1.00094
17.3333 46 1.00094
17.3333 48 1.00094
17.3333 50 1.00094
17.3333 52 1.00094
17.3333 54 1.00094
17.3333 56 1.00094
17.3333 58 1.00094
17.3333 60 1.00094
17.3333 62 1.00094
17.3333 64 1.00094
17.3333 66 1.00094
17.3333 68 1.00094
17.3333 70 1.00094
17.3333 72 1.00094
17.3333 74 1.00094
17.3333 76 1.00094
17.3333 78 1.00094
17.3333 80 1.00094
17.3333 82 1.00094
17.3333 84 1.00094
17.3333 86 1.00094
17.3333 88 1.00094
17.3333 90 1.00094
17.5556 0 1.00094
17.5556 2 1.00094
17.5556 4 1.00094
17.5556 6 1.00094
17.5556 8 1.00094
17.5556 10 1.00094
17.5556 12 1.00094
17.5556 14 1.00094
17.5556 16 1.00094
17.5556 18 1.00094
17.5556 20 1.00094
17.5556 22 1.00094
17.5556 24 1.00094
17.5556 26 1.00094
17.5556 28 1.00094
17.5556 30 1.00094
17.5556 32 1.00094
17.5556 34 1.00094
17.5556 36 1.00094
17.5556 38 1.00094
17.5556 40 1.00094
17.5556 42 1.00094
17.5556 44 1.00094
17.5556 46 1.00094
17.5556 48 1.00094
17.5556 50 1.00094
17.5556 52 1.00094
17.5556 54 1.00094
17.5556 56 1.00094
17.5556 58 1.00094
17.5556 60 1.00094
17.5556 62 1.00094
17.5556 64 1.00094
17.5556 66 1.00094
17.5556 68 1.00094
17.5556 70 1.00094
17.5556 72 1.00094
17.5556 74 1.00094
17.5556 76 1.00094
17.5556 78 1.00094
17.5556 80 1.00094
17.5556 82 1.00094
17.5556 84 1.00094
17.5556 86 1.00094
17.5556 88 1.00094
17.5556 90 1.00094
17.7778 0 1.00094
17.7778 2 1.00094
17.7778 4 1.00094
17.7778 6 1.00094
17.7778 8 1.00094
17.7778 10 1.00094
17.7778 12 1.00094
17.7778 14 1.00094
17.7778 16 1.00094
17.7778 18 1.00094
17.7778 20 1.00094
17.7778 22 1.00094
17.7778 24 1.00094
17.7778 26 1.00094
17.7778 28 1.00094
17.7778 30 1.00094
17.7778 32 1.00094
17.7778 34 1.00094
17.7778 36 1.00094
17.7778 38 1.00094
17.7778 40 1.00094
17.7778 42 1.00094
17.7778 44 1.00094
17.7778 46 1.00094
17.7778 48 1.00094
17.7778 50 1.00094
17.7778 52 1.00094
17.7778 54 1.00094
17.7778 56 1.00094
17.7778 58 1.00094
17.7778 60 1.00094
17.7778 62 1.00094
17.7778 64 1.00094
17.7778 66 1.00094
17.7778 68 1.00094
17.7778 70 1.00094
17.7778 72 1.00094
17.7778 74 1.00094
17.7778 76 1.00094
17.7778 78 1.00094
17.7778 80 1.00094
17.7778 82 1.00094
17.7778 84 1.00094
17.7778 86 1.00094
17.7778 88 1.00094
17.7778 90 1.00094
18 0 1.00094
18 2 1.00094
18 4 1.00094
18 6 1.00094
18 8 1.00094
18 10 1.00094
18 12 1.00094
18 14 1.00094
18 16 1.00094
18 18 1.00094
18 20 1.00094
18 22 1.00094
18 24 1.00094
18 26 1.00094
18 28 1.00094
18 30 1.00094
18 32 1.00094
18 34 1.00094
18 36 1.00094
18 38 1.00094
18 40 1.00094
18 42 1.00094
18 44 1.00094
18 46 1.00094
18 48 1.00094
18 50 1.00094
18 52 1.00094
18 54 1.00094
18 56 1.00094
18 58 1.00094
18 60 1.00094
18 62 1.00094
18 64 1.00094
18 66 1.00094
18 68 1.00094
18 70 1.00094
18 72 1.00094
18 74 1.00094
18 76 1.00094
18 78 1.00094
18 80 1.00094
18 82 1.00094
18 84 1.00094
18 86 1.00094
18 88 1.00094
18 90 1.00094
18.2222 0 1.00094
18.2222 2 1.00094
18.2222 4 1.00094
18.2222 6 1.00094
18.2222 8 1.00094
18.2222 10 1.00094
18.2222 12 1.00094
18.2222 14 1.00094
18.2222 16 1.00094
18.2222 18 1.00094
18.2222 20 1.00094
18.2222 22 1.00094
18.2222 24 1.00094
18.2222 26 1.00094
18.2222 28 1.00094
18.2222 30 1.00094
18.2222 32 1.00094
18.2222 34 1.00094
18.2222 36 1.00094
18.2222 38 1.00094
18.2222 40 1.00094
18.2222 42 1.00094
18.2222 44 1.00094
18.2222 46 1.00094
18.2222 48 1.00094
18.2222 50 1.00094
18.2222 52 1.00094
18.2222 54 1.00094
18.2222 56 1.00094
18.2222 58 1.00094
18.2222 60 1.00094
18.2222 62 1.00094
18.2222 64 1.00094
18.2222 66 1.00094
18.2222 68 1.00094
18.2222 70 1.00094
18.2222 72 1.00094
18.2222 74 1.00094
18.2222 76 1.00094
18.2222 78 1.00094
18.2222 80 1.00094
18.2222 82 1.00094
18.2222 84 1.00094
18.2222 86 1.00094
18.2222 88 1.00094
18.2222 90 1.00094
18.4444 0 1.00094
18.4444 2 1.00094
18.4444 4 1.00094
18.4444 6 1.00094
18.4444 8 1.00094
18.4444 10 1.00094
18.4444 12 1.00094
18.4444 14 1.00094
18.4444 16 1.00094
18.4444 18 1.00094
18.4444 20 1.00094
18.4444 22 1.00094
18.4444 24 1.00094
18.4444 26 1.00094
18.4444 28 1.00094
18.4444 30 1.00094
18.4444 32 1.00094
18.4444 34 1.00094
18.4444 36 1.00094
18.4444 38 1.00094
18.4444 40 1.00094
18.4444 42 1.00094
18.4444 44 1.00094
18.4444 46 1.00094
18.4444 48 1.00094
18.4444 50 1.00094
18.4444 52 1.00094
18.4444 54 1.00094
18.4444 56 1.00094
18.4444 58 1.00094
18.4444 60 1.00094
18.4444 62 1.00094
18.4444 64 1.00094
18.4444 66 1.00094
18.4444 68 1.00094
18.4444 70 1.00094
18.4444 72 1.00094
18.4444 74 1.00094
18.4444 76 1.00094
18.4444 78 1.00094
18.4444 80 1.00094
18.4444 82 1.00094
18.4444 84 1.00094
18.4444 86 1.00094
18.4444 88 1.00094
18.4444 90 1.00094
18.6667 0 1.00094
18.6667 2 1.00094
18.6667 4 1.00094
18.6667 6 1.00094
18.6667 8 1.00094
18.6667 10 1.00094
18.6667 12 1.00094
18.6667 14 1.00094
18.6667 16 1.00094
18.6667 18 1.00094
18.6667 20 1.00094
18.6667 22 1.00094
18.6667 24 1.00094
18.6667 26 1.00094
18.6667 28 1.00094
18.6667 30 1.00094
18.6667 32 1.00094
18.6667 34 1.00094
18.6667 36 1.00094
18.6667 38 1.00094
18.6667 40 1.00094
18.6667 42 1.00094
18.6667 44 1.00094
18.6667 46 1.00094
18.6667 48 1.00094
18.6667 50 1.00094
18.6667 52 1.00094
18.6667 54 1.00094
18.6667 56 1.00094
18.6667 58 1.00094
18.6667 60 1.00094
18.6667 62 1.00094
18.6667 64 1.00094
18.6667 66 1.00094
18.6667 68 1.00094
18.6667 70 1.00094
18.6667 72 1.00094
18.6667 74 1.00094
18.6667 76 1.00094
18.6667 78 1.00094
18.6667 80 1.00094
18.6667 82 1.00094
18.6667 84 1.00094
18.6667 86 1.00094
18.6667 88 1.00094
18.6667 90 1.00094
18.8889 0 1.00094
18.8889 2 1.00094
18.8889 4 1.00094
18.8889 6 1.00094
18.8889 8 1.00094
18.8889 10 1.00094
18.8889 12 1.00094
18.8889 14 1.00094
18.8889 16 1.00094
18.8889 18 1.00094
18.8889 20 1.00094
18.8889 22 1.00094
18.8889 24 1.00094
18.8889 26 1.00094
18.8889 28 1.00094
18.8889 30 1.00094
18.8889 32 1.00094
18.8889 34 1.00094
18.8889 36 1.00094
18.8889 38 1.00094
18.8889 40 1.00094
18.8889 42 1.00094
18.8889 44 1.00094
18.8889 46 1.00094
18.8889 48 1.00094
18.8889 50 1.00094
18.8889 52 1.00094
18.8889 54 1.00094
18.8889 56 1.00094
18.8889 58 1.00094
18.8889 60 1.00094
18.8889 62 1.00094
18.8889 64 1.00094
18.8889 66 1.00094
18.8889 68 1.00094
18.8889 70 1.00094
18.8889 72 1.00094
18.8889 74 1.00094
18.8889 76 1.00094
18.8889 78 1.00094
18.8889 80 1.00094
18.8889 82 1.00094
18.8889 84 1.00094
18.8889 86 1.00094
18.8889 88 1.00094
18.8889 90 1.00094
19.1111 0 1.00094
19.1111 2 1.00094
19.1111 4 1.00094
19.1111 6 1.00094
19.1111 8 1.00094
19.1111 10 1.00094
19.1111 12 1.00094
19.1111 14 1.00094
19.1111 16 1.00094
19.1111 18 1.00094
19.1111 20 1.00094
19.1111 22 1.00094
19.1111 24 1.00094
19.1111 26 1.00094
19.1111 28 1.00094
19.1111 30 1.00094
19.1111 32 1.00094
19.1111 34 1.00094
19.1111 36 1.00094
19.1111 38 1.00094
19.1111 40 1.00094
19.1111 42 1.00094
19.1111 44 1.00094
19.1111 46 1.00094
19.1111 48 1.00094
19.1111 50 1.00094
19.1111 52 1.00094
19.1111 54 1.00094
19.1111 56 1.00094
19.1111 58 1.00094
19.1111 60 1.00094
19.1111 62 1.00094
19.1111 64 1.00094
19.1111 66 1.00094
19.1111 68 1.00094
19.1111 70 1.00094
19.1111 72 1.00094
19.1111 74 1.00094
19.1111 76 1.00094
19.1111 78 1.00094
19.1111 80 1.00094
19.1111 82 1.00094
19.1111 84 1.00094
19.1111 86 1.00094
19.1111 88 1.00094
19.1111 90 1.00094
19.3333 0 1.00094
19.3333 2 1.00094
19.3333 4 1.00094
19.3333 6 1.00094
19.3333 8 1.00094
19.3333 10 1.00094
19.3333 12 1.00094
19.3333 14 1.00094
19.3333 16 1.00094
19.3333 18 1.00094
19.3333 20 1.00094
19.3333 22 1.00094
19.3333 24 1.00094
19.3333 26 1.00094
19.3333 28 1.00094
19.3333 30 1.00094
19.3333 32 1.00094
19.3333 34 1.00094
19.3333 36 1.00094
19.3333 38 1.00094
19.3333 40 1.00094
19.3333 42 1.00094
19.3333 44 1.00094
19.3333 46 1.00094
19.3333 48 1.00094
19.3333 50 1.00094
19.3333 52 1.00094
19.3333 54 1.00094
19.3333 56 1.00094
19.3333 58 1.00094
19.3333 60 1.00094
19.3333 62 1.00094
19.3333 64 1.00094
19.3333 66 1.00094
19.3333 68 1.00094
19.3333 70 1.00094
19.3333 72 1.00094
19.3333 74 1.00094
19.3333 76 1.00094
19.3333 78 1.00094
19.3333 80 1.00094
19.3333 82 1.00094
19.3333 84 1.00094
19.3333 86 1.00094
19.3333 88 1.00094
19.3333 90 1.00094
19.5556 0 1.00094
19.5556 2 1.00094
19.5556 4 1.00094
19.5556 6 1.00094
19.5556 8 1.00094
19.5556 10 1.00094
19.5556 12 1.00094
19.5556 14 1.00094
19.5556 16 1.00094
19.5556 18 1.00094
19.5556 20 1.00094
19.5556 22 1.00094
19.5556 24 1.00094
19.5556 26 1.00094
19.5556 28 1.00094
19.5556 30 1.00094
19.5556 32 1.00094
19.5556 34 1.00094
19.5556 36 1.00094
19.5556 38 1.00094
19.5556 40 1.00094
19.5556 42 1.00094
19.5556 44 1.00094
19.5556 46 1.00094
19.5556 48 1.00094
19.5556 50 1.00094
19.5556 52 1.00094
19.5556 54 1.00094
19.5556 56 1.00094
19.5556 58 1.00094
19.5556 60 1.00094
19.5556 62 1.00094
19.5556 64 1.00094
19.5556 66 1.00094
19.5556 68 1.00094
19.5556 70 1.00094
19.5556 72 1.00094
19.5556 74 1.00094
19.5556 76 1.00094
19.5556 78 1.00094
19.5556 80 1.00094
19.5556 82 1.00094
19.5556 84 1.00094
19.5556 86 1.00094
19.5556 88 1.00094
19.5556 90 1.00094
19.7778 0 1.00094
19.7778 2 1.00094
19.7778 4 1.00094
19.7778 6 1.00094
19.7778 8 1.00094
19.7778 10 1.00094
19.7778 12 1.00094
19.7778 14 1.00094
19.7778 16 1.00094
19.7778 18 1.00094
19.7778 20 1.00094
19.7778 22 1.00094
19.7778 24 1.00094
19.7778 26 1.00094
19.7778 28 1.00094
19.7778 30 1.00094
19.7778 32 1.00094
19.7778 34 1.00094
19.7778 36 1.00094
19.7778 38 1.00094
19.7778 40 1.00094
19.7778 42 1.00094
19.7778 44 1.00094
19.7778 46 1.00094
19.7778 48 1.00094
19.7778 50 1.00094
19.7778 52 1.00094
19.7778 54 1.00094
19.7778 56 1.00094
19.7778 58 1.00094
19.7778 60 1.00094
19.7778 62 1.00094
19.7778 64 1.00094
19.7778 66 1.00094
19.7778 68 1.00094
19.7778 70 1.00094
19.7778 72 1.00094
19.7778 74 1.00094
19.7778 76 1.00094
19.7778 78 1.00094
19.7778 80 1.00094
19.7778 82 1.00094
19.7778 84 1.00094
19.7778 86 1.00094
19.7778 88 1.00094
19.7778 90 1.00094
20 0 1.00094
20 2 1.00094
20 4 1.00094
20 6 1.00094
20 8 1.00094
20 10 1.00094
20 12 1.00094
20 14 1.00094
20 16 1.00094
20 18 1.00094
20 20 1.00094
20 22 1.00094
20 24 1.00094
20 26 1.00094
20 28 1.00094
20 30 1.00094
20 32 1.00094
20 34 1.00094
20 36 1.00094
20 38 1.00094
20 40 1.00094
20 42 1.00094
20 44 1.00094
20 46 1.00094
20 48 1.00094
20 50 1.00094
20 52 1.00094
20 54 1.00094
20 56 1.00094
20 58 1.00094
20 60 1.00094
20 62 1.00094
20 64 1.00094
20 66 1.00094
20 68 1.00094
20 70 1.00094
20 72 1.00094
20 74 1.00094
20 76 1.00094
20 78 1.00094
20 80 1.00094
20 82 1.00094
20 84 1.00094
20 86 1.00094
20 88 1.00094
20 90 1.00094
