0.177778 2
0 0 0.998782
0 2 0.998782
0 4 0.998782
0 6 0.998782
0 8 0.998782
0 10 0.998782
0 12 0.998782
0 14 0.998782
0 16 0.998782
0 18 0.998782
0 20 0.998782
0 22 0.998782
0 24 0.998782
0 26 0.998782
0 28 0.998782
0 30 0.998782
0 32 0.998782
0 34 0.998782
0 36 0.998782
0 38 0.998782
0 40 0.998782
0 42 0.998782
0 44 0.998782
0 46 0.998782
0 48 0.998782
0 50 0.998782
0 52 0.998782
0 54 0.998782
0 56 0.998782
0 58 0.998782
0 60 0.998782
0 62 0.998782
0 64 0.998782
0 66 0.998782
0 68 0.998782
0 70 0.998782
0 72 0.998782
0 74 0.998782
0 76 0.998782
0 78 0.998782
0 80 0.998782
0 82 0.998782
0 84 0.998782
0 86 0.998782
0 88 0.998782
0 90 0.998782
0.177778 0 0.998781
0.177778 2 0.998781
0.177778 4 0.998781
0.177778 6 0.998781
0.177778 8 0.998781
0.177778 10 0.998781
0.177778 12 0.998781
0.177778 14 0.998781
0.177778 16 0.998781
0.177778 18 0.998781
0.177778 20 0.998781
0.177778 22 0.998781
0.177778 24 0.998781
0.177778 26 0.998781
0.177778 28 0.998781
0.177778 30 0.998781
0.177778 32 0.998781
0.177778 34 0.998781
0.177778 36 0.998781
0.177778 38 0.998781
0.177778 40 0.998781
0.177778 42 0.998781
0.177778 44 0.998781
0.177778 46 0.998781
0.177778 48 0.998781
0.177778 50 0.998781
0.177778 52 0.998781
0.177778 54 0.998781
0.177778 56 0.998781
0.177778 58 0.998781
0.177778 60 0.998781
0.177778 62 0.998781
0.177778 64 0.998781
0.177778 66 0.998781
0.177778 68 0.998781
0.177778 70 0.998781
0.177778 72 0.998781
0.177778 74 0.998781
0.177778 76 0.998781
0.177778 78 0.998781
0.177778 80 0.998781
0.177778 82 0.998781
0.177778 84 0.998781
0.177778 86 0.998781
0.177778 88 0.998781
0.177778 90 0.998781
0.355556 0 0.998782
0.355556 2 0.998782
0.355556 4 0.998782
0.355556 6 0.998782
0.355556 8 0.998782
0.355556 10 0.998782
0.355556 12 0.998782
0.355556 14 0.998782
0.355556 16 0.998782
0.355556 18 0.998782
0.355556 20 0.998782
0.355556 22 0.998782
0.355556 24 0.998782
0.355556 26 0.998782
0.355556 28 0.998782
0.355556 30 0.998782
0.355556 32 0.998782
0.355556 34 0.998782
0.355556 36 0.998782
0.355556 38 0.998782
0.355556 40 0.998782
0.355556 42 0.998782
0.355556 44 0.998782
0.355556 46 0.998782
0.355556 48 0.998782
0.355556 50 0.998782
0.355556 52 0.998782
0.355556 54 0.998782
0.355556 56 0.998782
0.355556 58 0.998782
0.355556 60 0.998782
0.355556 62 0.998782
0.355556 64 0.998782
0.355556 66 0.998782
0.355556 68 0.998782
0.355556 70 0.998782
0.355556 72 0.998782
0.355556 74 0.998782
0.355556 76 0.998782
0.355556 78 0.998782
0.355556 80 0.998782
0.355556 82 0.998782
0.355556 84 0.998782
0.355556 86 0.998782
0.355556 88 0.998782
0.355556 90 0.998782
0.533333 0 0.998784
0.533333 2 0.998784
0.533333 4 0.998784
0.533333 6 0.998784
0.533333 8 0.998784
0.533333 10 0.998784
0.533333 12 0.998784
0.533333 14 0.998784
0.533333 16 0.998784
0.533333 18 0.998784
0.533333 20 0.998784
0.533333 22 0.998784
0.533333 24 0.998784
0.533333 26 0.998784
0.533333 28 0.998784
0.533333 30 0.998784
0.533333 32 0.998784
0.533333 34 0.998784
0.533333 36 0.998784
0.533333 38 0.998784
0.533333 40 0.998784
0.533333 42 0.998784
0.533333 44 0.998784
0.533333 46 0.998784
0.533333 48 0.998784
0.533333 50 0.998784
0.533333 52 0.998784
0.533333 54 0.998784
0.533333 56 0.998784
0.533333 58 0.998784
0.533333 60 0.998784
0.533333 62 0.998784
0.533333 64 0.998784
0.533333 66 0.998784
0.533333 68 0.998784
0.533333 70 0.998784
0.533333 72 0.998784
0.533333 74 0.998784
0.533333 76 0.998784
0.533333 78 0.998784
0.533333 80 0.998784
0.533333 82 0.998784
0.533333 84 0.998784
0.533333 86 0.998784
0.533333 88 0.998784
0.533333 90 0.998784
0.711111 0 0.998786
0.711111 2 0.998786
0.711111 4 0.998786
0.711111 6 0.998786
0.711111 8 0.998786
0.711111 10 0.998786
0.711111 12 0.998786
0.711111 14 0.998786
0.711111 16 0.998786
0.711111 18 0.998786
0.711111 20 0.998786
0.711111 22 0.998786
0.711111 24 0.998786
0.711111 26 0.998786
0.711111 28 0.998786
0.711111 30 0.998786
0.711111 32 0.998786
0.711111 34 0.998786
0.711111 36 0.998786
0.711111 38 0.998786
0.711111 40 0.998786
0.711111 42 0.998786
0.711111 44 0.998786
0.711111 46 0.998786
0.711111 48 0.998786
0.711111 50 0.998786
0.711111 52 0.998786
0.711111 54 0.998786
0.711111 56 0.998786
0.711111 58 0.998786
0.711111 60 0.998786
0.711111 62 0.998786
0.711111 64 0.998786
0.711111 66 0.998786
0.711111 68 0.998786
0.711111 70 0.998786
0.711111 72 0.998786
0.711111 74 0.998786
0.711111 76 0.998786
0.711111 78 0.998786
0.711111 80 0.998786
0.711111 82 0.998786
0.711111 84 0.998786
0.711111 86 0.998786
0.711111 88 0.998786
0.711111 90 0.998786
0.888889 0 0.998787
0.888889 2 0.998787
0.888889 4 0.998787
0.888889 6 0.998787
0.888889 8 0.998787
0.888889 10 0.998787
0.888889 12 0.998787
0.888889 14 0.998788
0.888889 16 0.998788
0.888889 18 0.998788
0.888889 20 0.998788
0.888889 22 0.998788
0.888889 24 0.998788
0.888889 26 0.998788
0.888889 28 0.998788
0.888889 30 0.998788
0.888889 32 0.998788
0.888889 34 0.998788
0.888889 36 0.998788
0.888889 38 0.998788
0.888889 40 0.998788
0.888889 42 0.998788
0.888889 44 0.998788
0.888889 46 0.998788
0.888889 48 0.998788
0.888889 50 0.998788
0.888889 52 0.998787
0.888889 54 0.998787
0.888889 56 0.998787
0.888889 58 0.998787
0.888889 60 0.998787
0.888889 62 0.998787
0.888889 64 0.998787
0.888889 66 0.998787
0.888889 68 0.998787
0.888889 70 0.998786
0.888889 72 0.998786
0.888889 74 0.998786
0.888889 76 0.998786
0.888889 78 0.998786
0.888889 80 0.998786
0.888889 82 0.998786
0.888889 84 0.998786
0.888889 86 0.998786
0.888889 88 0.998786
0.888889 90 0.998786
1.06667 0 0.998788
1.06667 2 0.998788
1.06667 4 0.998788
1.06667 6 0.998788
1.06667 8 0.998788
1.06667 10 0.998788
1.06667 12 0.998788
1.06667 14 0.998788
1.06667 16 0.998788
1.06667 18 0.998788
1.06667 20 0.998788
1.06667 22 0.998788
1.06667 24 0.998788
1.06667 26 0.998788
1.06667 28 0.998788
1.06667 30 0.998789
1.06667 32 0.998789
1.06667 34 0.998788
1.06667 36 0.998788
1.06667 38 0.998788
1.06667 40 0.998788
1.06667 42 0.998788
1.06667 44 0.998788
1.06667 46 0.998788
1.06667 48 0.998788
1.06667 50 0.998788
1.06667 52 0.998787
1.06667 54 0.998787
1.06667 56 0.998787
1.06667 58 0.998786
1.06667 60 0.998786
1.06667 62 0.998785
1.06667 64 0.998785
1.06667 66 0.998785
1.06667 68 0.998784
1.06667 70 0.998784
1.06667 72 0.998783
1.06667 74 0.998783
1.06667 76 0.998783
1.06667 78 0.998783
1.06667 80 0.998782
1.06667 82 0.998782
1.06667 84 0.998782
1.06667 86 0.998782
1.06667 88 0.998782
1.06667 90 0.998782
1.24444 0 0.998788
1.24444 2 0.998788
1.24444 4 0.998788
1.24444 6 0.998788
1.24444 8 0.998788
1.24444 10 0.998788
1.24444 12 0.998788
1.24444 14 0.998788
1.24444 16 0.998788
1.24444 18 0.998788
1.24444 20 0.998788
1.24444 22 0.998788
1.24444 24 0.998788
1.24444 26 0.998788
1.24444 28 0.998788
1.24444 30 0.998788
1.24444 32 0.998788
1.24444 34 0.998788
1.24444 36 0.998788
1.24444 38 0.998788
1.24444 40 0.998787
1.24444 42 0.998787
1.24444 44 0.998787
1.24444 46 0.998786
1.24444 48 0.998786
1.24444 50 0.998785
1.24444 52 0.998784
1.24444 54 0.998784
1.24444 56 0.998783
1.24444 58 0.998782
1.24444 60 0.998782
1.24444 62 0.998781
1.24444 64 0.99878
1.24444 66 0.99878
1.24444 68 0.99878
1.24444 70 0.998779
1.24444 72 0.998779
1.24444 74 0.998779
1.24444 76 0.998778
1.24444 78 0.998778
1.24444 80 0.998778
1.24444 82 0.998778
1.24444 84 0.998778
1.24444 86 0.998778
1.24444 88 0.998778
1.24444 90 0.998778
1.42222 0 0.998786
1.42222 2 0.998786
1.42222 4 0.998786
1.42222 6 0.998786
1.42222 8 0.998787
1.42222 10 0.998787
1.42222 12 0.998787
1.42222 14 0.998787
1.42222 16 0.998787
1.42222 18 0.998787
1.42222 20 0.998787
1.42222 22 0.998787
1.42222 24 0.998787
1.42222 26 0.998787
1.42222 28 0.998787
1.42222 30 0.998787
1.42222 32 0.998787
1.42222 34 0.998786
1.42222 36 0.998786
1.42222 38 0.998785
1.42222 40 0.998785
1.42222 42 0.998784
1.42222 44 0.998783
1.42222 46 0.998782
1.42222 48 0.998781
1.42222 50 0.99878
1.42222 52 0.998779
1.42222 54 0.998779
1.42222 56 0.998778
1.42222 58 0.998777
1.42222 60 0.998777
1.42222 62 0.998777
1.42222 64 0.998777
1.42222 66 0.998776
1.42222 68 0.998776
1.42222 70 0.998776
1.42222 72 0.998777
1.42222 74 0.998777
1.42222 76 0.998777
1.42222 78 0.998777
1.42222 80 0.998777
1.42222 82 0.998777
1.42222 84 0.998777
1.42222 86 0.998777
1.42222 88 0.998778
1.42222 90 0.998778
1.6 0 0.998784
1.6 2 0.998784
1.6 4 0.998784
1.6 6 0.998784
1.6 8 0.998785
1.6 10 0.998785
1.6 12 0.998785
1.6 14 0.998785
1.6 16 0.998785
1.6 18 0.998785
1.6 20 0.998785
1.6 22 0.998785
1.6 24 0.998785
1.6 26 0.998785
1.6 28 0.998785
1.6 30 0.998785
1.6 32 0.998784
1.6 34 0.998783
1.6 36 0.998783
1.6 38 0.998781
1.6 40 0.99878
1.6 42 0.998779
1.6 44 0.998778
1.6 46 0.998777
1.6 48 0.998776
1.6 50 0.998775
1.6 52 0.998775
1.6 54 0.998775
1.6 56 0.998775
1.6 58 0.998775
1.6 60 0.998775
1.6 62 0.998776
1.6 64 0.998776
1.6 66 0.998777
1.6 68 0.998778
1.6 70 0.998779
1.6 72 0.99878
1.6 74 0.998781
1.6 76 0.998782
1.6 78 0.998783
1.6 80 0.998784
1.6 82 0.998785
1.6 84 0.998786
1.6 86 0.998786
1.6 88 0.998787
1.6 90 0.998787
1.77778 0 0.998782
1.77778 2 0.998782
1.77778 4 0.998782
1.77778 6 0.998782
1.77778 8 0.998782
1.77778 10 0.998782
1.77778 12 0.998783
1.77778 14 0.998783
1.77778 16 0.998783
1.77778 18 0.998783
1.77778 20 0.998783
1.77778 22 0.998783
1.77778 24 0.998783
1.77778 26 0.998783
1.77778 28 0.998782
1.77778 30 0.998781
1.77778 32 0.998781
1.77778 34 0.998779
1.77778 36 0.998778
1.77778 38 0.998776
1.77778 40 0.998775
1.77778 42 0.998774
1.77778 44 0.998773
1.77778 46 0.998773
1.77778 48 0.998773
1.77778 50 0.998773
1.77778 52 0.998774
1.77778 54 0.998774
1.77778 56 0.998776
1.77778 58 0.998777
1.77778 60 0.998779
1.77778 62 0.998782
1.77778 64 0.998785
1.77778 66 0.998788
1.77778 68 0.998791
1.77778 70 0.998794
1.77778 72 0.998797
1.77778 74 0.9988
1.77778 76 0.998802
1.77778 78 0.998805
1.77778 80 0.998807
1.77778 82 0.998809
1.77778 84 0.998811
1.77778 86 0.998812
1.77778 88 0.998813
1.77778 90 0.998813
1.95556 0 0.99878
1.95556 2 0.99878
1.95556 4 0.99878
1.95556 6 0.99878
1.95556 8 0.99878
1.95556 10 0.99878
1.95556 12 0.998781
1.95556 14 0.998781
1.95556 16 0.998781
1.95556 18 0.998781
1.95556 20 0.998781
1.95556 22 0.998781
1.95556 24 0.998781
1.95556 26 0.99878
1.95556 28 0.998779
1.95556 30 0.998778
1.95556 32 0.998776
1.95556 34 0.998775
1.95556 36 0.998773
1.95556 38 0.998772
1.95556 40 0.998771
1.95556 42 0.998771
1.95556 44 0.998771
1.95556 46 0.998772
1.95556 48 0.998773
1.95556 50 0.998775
1.95556 52 0.998778
1.95556 54 0.998781
1.95556 56 0.998785
1.95556 58 0.99879
1.95556 60 0.998796
1.95556 62 0.998801
1.95556 64 0.998807
1.95556 66 0.998813
1.95556 68 0.998819
1.95556 70 0.998825
1.95556 72 0.99883
1.95556 74 0.998836
1.95556 76 0.998841
1.95556 78 0.998845
1.95556 80 0.998849
1.95556 82 0.998852
1.95556 84 0.998855
1.95556 86 0.998857
1.95556 88 0.998858
1.95556 90 0.998858
2.13333 0 0.998779
2.13333 2 0.998779
2.13333 4 0.998779
2.13333 6 0.998779
2.13333 8 0.998779
2.13333 10 0.998779
2.13333 12 0.99878
2.13333 14 0.99878
2.13333 16 0.99878
2.13333 18 0.99878
2.13333 20 0.99878
2.13333 22 0.99878
2.13333 24 0.998779
2.13333 26 0.998778
2.13333 28 0.998776
2.13333 30 0.998775
2.13333 32 0.998773
2.13333 34 0.998771
2.13333 36 0.99877
2.13333 38 0.99877
2.13333 40 0.99877
2.13333 42 0.998772
2.13333 44 0.998773
2.13333 46 0.998776
2.13333 48 0.998781
2.13333 50 0.998786
2.13333 52 0.998793
2.13333 54 0.9988
2.13333 56 0.998808
2.13333 58 0.998817
2.13333 60 0.998826
2.13333 62 0.998836
2.13333 64 0.998845
2.13333 66 0.998855
2.13333 68 0.998864
2.13333 70 0.998873
2.13333 72 0.998882
2.13333 74 0.99889
2.13333 76 0.998897
2.13333 78 0.998903
2.13333 80 0.998909
2.13333 82 0.998913
2.13333 84 0.998917
2.13333 86 0.998919
2.13333 88 0.998921
2.13333 90 0.998922
2.31111 0 0.998778
2.31111 2 0.998778
2.31111 4 0.998778
2.31111 6 0.998778
2.31111 8 0.998779
2.31111 10 0.998779
2.31111 12 0.998779
2.31111 14 0.99878
2.31111 16 0.99878
2.31111 18 0.99878
2.31111 20 0.99878
2.31111 22 0.998779
2.31111 24 0.998778
2.31111 26 0.998776
2.31111 28 0.998774
2.31111 30 0.998772
2.31111 32 0.998771
2.31111 34 0.99877
2.31111 36 0.99877
2.31111 38 0.998771
2.31111 40 0.998773
2.31111 42 0.998777
2.31111 44 0.998783
2.31111 46 0.99879
2.31111 48 0.998798
2.31111 50 0.998808
2.31111 52 0.99882
2.31111 54 0.998832
2.31111 56 0.998845
2.31111 58 0.998858
2.31111 60 0.998872
2.31111 62 0.998886
2.31111 64 0.998899
2.31111 66 0.998912
2.31111 68 0.998925
2.31111 70 0.998937
2.31111 72 0.998948
2.31111 74 0.998958
2.31111 76 0.998968
2.31111 78 0.998976
2.31111 80 0.998983
2.31111 82 0.998989
2.31111 84 0.998993
2.31111 86 0.998997
2.31111 88 0.998999
2.31111 90 0.998999
2.48889 0 0.998778
2.48889 2 0.998778
2.48889 4 0.998778
2.48889 6 0.998779
2.48889 8 0.998779
2.48889 10 0.99878
2.48889 12 0.99878
2.48889 14 0.998781
2.48889 16 0.998781
2.48889 18 0.998781
2.48889 20 0.99878
2.48889 22 0.998779
2.48889 24 0.998777
2.48889 26 0.998775
2.48889 28 0.998773
2.48889 30 0.998771
2.48889 32 0.998771
2.48889 34 0.998771
2.48889 36 0.998773
2.48889 38 0.998777
2.48889 40 0.998783
2.48889 42 0.998791
2.48889 44 0.998801
2.48889 46 0.998813
2.48889 48 0.998827
2.48889 50 0.998843
2.48889 52 0.99886
2.48889 54 0.998877
2.48889 56 0.998895
2.48889 58 0.998913
2.48889 60 0.998931
2.48889 62 0.998949
2.48889 64 0.998966
2.48889 66 0.998983
2.48889 68 0.998998
2.48889 70 0.999013
2.48889 72 0.999027
2.48889 74 0.999039
2.48889 76 0.999051
2.48889 78 0.999061
2.48889 80 0.999069
2.48889 82 0.999076
2.48889 84 0.999081
2.48889 86 0.999085
2.48889 88 0.999088
2.48889 90 0.999089
2.66667 0 0.998779
2.66667 2 0.998779
2.66667 4 0.99878
2.66667 6 0.99878
2.66667 8 0.998781
2.66667 10 0.998781
2.66667 12 0.998782
2.66667 14 0.998782
2.66667 16 0.998782
2.66667 18 0.998782
2.66667 20 0.998781
2.66667 22 0.998779
2.66667 24 0.998776
2.66667 26 0.998774
2.66667 28 0.998773
2.66667 30 0.998772
2.66667 32 0.998773
2.66667 34 0.998776
2.66667 36 0.998781
2.66667 38 0.998789
2.66667 40 0.9988
2.66667 42 0.998814
2.66667 44 0.99883
2.66667 46 0.998848
2.66667 48 0.998868
2.66667 50 0.998889
2.66667 52 0.998911
2.66667 54 0.998933
2.66667 56 0.998956
2.66667 58 0.998979
2.66667 60 0.999001
2.66667 62 0.999022
2.66667 64 0.999043
2.66667 66 0.999063
2.66667 68 0.999082
2.66667 70 0.999099
2.66667 72 0.999115
2.66667 74 0.99913
2.66667 76 0.999144
2.66667 78 0.999156
2.66667 80 0.999166
2.66667 82 0.999174
2.66667 84 0.999181
2.66667 86 0.999186
2.66667 88 0.999189
2.66667 90 0.99919
2.84444 0 0.998781
2.84444 2 0.998781
2.84444 4 0.998781
2.84444 6 0.998782
2.84444 8 0.998782
2.84444 10 0.998783
2.84444 12 0.998784
2.84444 14 0.998784
2.84444 16 0.998784
2.84444 18 0.998783
2.84444 20 0.998781
2.84444 22 0.998779
2.84444 24 0.998776
2.84444 26 0.998775
2.84444 28 0.998774
2.84444 30 0.998776
2.84444 32 0.998779
2.84444 34 0.998785
2.84444 36 0.998795
2.84444 38 0.998809
2.84444 40 0.998826
2.84444 42 0.998845
2.84444 44 0.998868
2.84444 46 0.998892
2.84444 48 0.998918
2.84444 50 0.998944
2.84444 52 0.998972
2.84444 54 0.998999
2.84444 56 0.999026
2.84444 58 0.999053
2.84444 60 0.999079
2.84444 62 0.999104
2.84444 64 0.999129
2.84444 66 0.999152
2.84444 68 0.999175
2.84444 70 0.999196
2.84444 72 0.999215
2.84444 74 0.999233
2.84444 76 0.99925
2.84444 78 0.999264
2.84444 80 0.999276
2.84444 82 0.999287
2.84444 84 0.999295
2.84444 86 0.9993
2.84444 88 0.999304
2.84444 90 0.999305
3.02222 0 0.998782
3.02222 2 0.998782
3.02222 4 0.998783
3.02222 6 0.998783
3.02222 8 0.998784
3.02222 10 0.998785
3.02222 12 0.998786
3.02222 14 0.998786
3.02222 16 0.998786
3.02222 18 0.998784
3.02222 20 0.998782
3.02222 22 0.998779
3.02222 24 0.998777
3.02222 26 0.998776
3.02222 28 0.998777
3.02222 30 0.998781
3.02222 32 0.998788
3.02222 34 0.9988
3.02222 36 0.998816
3.02222 38 0.998836
3.02222 40 0.998859
3.02222 42 0.998885
3.02222 44 0.998914
3.02222 46 0.998944
3.02222 48 0.998976
3.02222 50 0.999008
3.02222 52 0.99904
3.02222 54 0.999072
3.02222 56 0.999103
3.02222 58 0.999135
3.02222 60 0.999165
3.02222 62 0.999195
3.02222 64 0.999225
3.02222 66 0.999253
3.02222 68 0.999279
3.02222 70 0.999305
3.02222 72 0.999328
3.02222 74 0.999349
3.02222 76 0.999368
3.02222 78 0.999385
3.02222 80 0.999399
3.02222 82 0.999411
3.02222 84 0.99942
3.02222 86 0.999427
3.02222 88 0.999431
3.02222 90 0.999432
3.2 0 0.998783
3.2 2 0.998783
3.2 4 0.998784
3.2 6 0.998784
3.2 8 0.998785
3.2 10 0.998787
3.2 12 0.998787
3.2 14 0.998787
3.2 16 0.998786
3.2 18 0.998784
3.2 20 0.998782
3.2 22 0.998779
3.2 24 0.998778
3.2 26 0.998778
3.2 28 0.998782
3.2 30 0.99879
3.2 32 0.998802
3.2 34 0.99882
3.2 36 0.998842
3.2 38 0.998869
3.2 40 0.998899
3.2 42 0.998932
3.2 44 0.998967
3.2 46 0.999003
3.2 48 0.99904
3.2 50 0.999077
3.2 52 0.999114
3.2 54 0.999151
3.2 56 0.999188
3.2 58 0.999225
3.2 60 0.999261
3.2 62 0.999297
3.2 64 0.999331
3.2 66 0.999364
3.2 68 0.999394
3.2 70 0.999423
3.2 72 0.99945
3.2 74 0.999473
3.2 76 0.999495
3.2 78 0.999513
3.2 80 0.999529
3.2 82 0.999542
3.2 84 0.999552
3.2 86 0.999559
3.2 88 0.999564
3.2 90 0.999565
3.37778 0 0.998784
3.37778 2 0.998784
3.37778 4 0.998784
3.37778 6 0.998785
3.37778 8 0.998787
3.37778 10 0.998788
3.37778 12 0.998788
3.37778 14 0.998788
3.37778 16 0.998787
3.37778 18 0.998784
3.37778 20 0.998781
3.37778 22 0.998779
3.37778 24 0.998779
3.37778 26 0.998782
3.37778 28 0.998789
3.37778 30 0.998802
3.37778 32 0.998821
3.37778 34 0.998846
3.37778 36 0.998875
3.37778 38 0.998909
3.37778 40 0.998946
3.37778 42 0.998985
3.37778 44 0.999026
3.37778 46 0.999067
3.37778 48 0.999109
3.37778 50 0.999151
3.37778 52 0.999195
3.37778 54 0.999238
3.37778 56 0.999282
3.37778 58 0.999325
3.37778 60 0.999367
3.37778 62 0.999407
3.37778 64 0.999446
3.37778 66 0.999482
3.37778 68 0.999516
3.37778 70 0.999548
3.37778 72 0.999576
3.37778 74 0.999602
3.37778 76 0.999625
3.37778 78 0.999644
3.37778 80 0.999661
3.37778 82 0.999674
3.37778 84 0.999685
3.37778 86 0.999692
3.37778 88 0.999697
3.37778 90 0.999698
3.55556 0 0.998784
3.55556 2 0.998784
3.55556 4 0.998785
3.55556 6 0.998786
3.55556 8 0.998787
3.55556 10 0.998789
3.55556 12 0.998789
3.55556 14 0.998789
3.55556 16 0.998787
3.55556 18 0.998784
3.55556 20 0.998781
3.55556 22 0.99878
3.55556 24 0.998782
3.55556 26 0.998788
3.55556 28 0.9988
3.55556 30 0.998819
3.55556 32 0.998845
3.55556 34 0.998877
3.55556 36 0.998914
3.55556 38 0.998954
3.55556 40 0.998998
3.55556 42 0.999043
3.55556 44 0.999089
3.55556 46 0.999136
3.55556 48 0.999184
3.55556 50 0.999234
3.55556 52 0.999284
3.55556 54 0.999334
3.55556 56 0.999384
3.55556 58 0.999432
3.55556 60 0.999479
3.55556 62 0.999524
3.55556 64 0.999566
3.55556 66 0.999605
3.55556 68 0.999641
3.55556 70 0.999673
3.55556 72 0.999703
3.55556 74 0.999729
3.55556 76 0.999752
3.55556 78 0.999772
3.55556 80 0.999788
3.55556 82 0.999801
3.55556 84 0.999812
3.55556 86 0.999819
3.55556 88 0.999824
3.55556 90 0.999825
3.73333 0 0.998785
3.73333 2 0.998785
3.73333 4 0.998786
3.73333 6 0.998788
3.73333 8 0.998789
3.73333 10 0.998791
3.73333 12 0.998791
3.73333 14 0.99879
3.73333 16 0.998787
3.73333 18 0.998784
3.73333 20 0.998782
3.73333 22 0.998782
3.73333 24 0.998787
3.73333 26 0.998798
3.73333 28 0.998816
3.73333 30 0.998842
3.73333 32 0.998876
3.73333 34 0.998915
3.73333 36 0.998959
3.73333 38 0.999006
3.73333 40 0.999055
3.73333 42 0.999106
3.73333 44 0.999158
3.73333 46 0.999212
3.73333 48 0.999268
3.73333 50 0.999325
3.73333 52 0.999382
3.73333 54 0.999439
3.73333 56 0.999493
3.73333 58 0.999546
3.73333 60 0.999596
3.73333 62 0.999643
3.73333 64 0.999687
3.73333 66 0.999727
3.73333 68 0.999763
3.73333 70 0.999796
3.73333 72 0.999825
3.73333 74 0.99985
3.73333 76 0.999872
3.73333 78 0.999891
3.73333 80 0.999907
3.73333 82 0.999919
3.73333 84 0.999929
3.73333 86 0.999936
3.73333 88 0.99994
3.73333 90 0.999941
3.91111 0 0.998788
3.91111 2 0.998789
3.91111 4 0.99879
3.91111 6 0.998791
3.91111 8 0.998793
3.91111 10 0.998795
3.91111 12 0.998795
3.91111 14 0.998793
3.91111 16 0.99879
3.91111 18 0.998787
3.91111 20 0.998786
3.91111 22 0.998788
3.91111 24 0.998796
3.91111 26 0.998813
3.91111 28 0.998839
3.91111 30 0.998872
3.91111 32 0.998913
3.91111 34 0.998959
3.91111 36 0.99901
3.91111 38 0.999063
3.91111 40 0.999118
3.91111 42 0.999176
3.91111 44 0.999236
3.91111 46 0.999298
3.91111 48 0.999362
3.91111 50 0.999425
3.91111 52 0.999488
3.91111 54 0.99955
3.91111 56 0.999608
3.91111 58 0.999663
3.91111 60 0.999715
3.91111 62 0.999763
3.91111 64 0.999806
3.91111 66 0.999845
3.91111 68 0.999881
3.91111 70 0.999912
3.91111 72 0.999939
3.91111 74 0.999963
3.91111 76 0.999983
3.91111 78 1
3.91111 80 1.00001
3.91111 82 1.00003
3.91111 84 1.00003
3.91111 86 1.00004
3.91111 88 1.00004
3.91111 90 1.00005
4.08889 0 0.998795
4.08889 2 0.998795
4.08889 4 0.998796
4.08889 6 0.998799
4.08889 8 0.998801
4.08889 10 0.998802
4.08889 12 0.998802
4.08889 14 0.9988
4.08889 16 0.998796
4.08889 18 0.998793
4.08889 20 0.998794
4.08889 22 0.998799
4.08889 24 0.998813
4.08889 26 0.998836
4.08889 28 0.998869
4.08889 30 0.99891
4.08889 32 0.998958
4.08889 34 0.999011
4.08889 36 0.999068
4.08889 38 0.999128
4.08889 40 0.99919
4.08889 42 0.999256
4.08889 44 0.999324
4.08889 46 0.999394
4.08889 48 0.999465
4.08889 50 0.999534
4.08889 52 0.999602
4.08889 54 0.999666
4.08889 56 0.999726
4.08889 58 0.999782
4.08889 60 0.999833
4.08889 62 0.99988
4.08889 64 0.999922
4.08889 66 0.999959
4.08889 68 0.999991
4.08889 70 1.00002
4.08889 72 1.00004
4.08889 74 1.00007
4.08889 76 1.00008
4.08889 78 1.0001
4.08889 80 1.00011
4.08889 82 1.00012
4.08889 84 1.00013
4.08889 86 1.00013
4.08889 88 1.00014
4.08889 90 1.00014
4.26667 0 0.998807
4.26667 2 0.998807
4.26667 4 0.998809
4.26667 6 0.998811
4.26667 8 0.998814
4.26667 10 0.998815
4.26667 12 0.998815
4.26667 14 0.998812
4.26667 16 0.998808
4.26667 18 0.998806
4.26667 20 0.998808
4.26667 22 0.998817
4.26667 24 0.998837
4.26667 26 0.998867
4.26667 28 0.998908
4.26667 30 0.998957
4.26667 32 0.999012
4.26667 34 0.999072
4.26667 36 0.999135
4.26667 38 0.999202
4.26667 40 0.999273
4.26667 42 0.999347
4.26667 44 0.999424
4.26667 46 0.999501
4.26667 48 0.999577
4.26667 50 0.99965
4.26667 52 0.99972
4.26667 54 0.999785
4.26667 56 0.999846
4.26667 58 0.9999
4.26667 60 0.999949
4.26667 62 0.999993
4.26667 64 1.00003
4.26667 66 1.00007
4.26667 68 1.0001
4.26667 70 1.00012
4.26667 72 1.00014
4.26667 74 1.00016
4.26667 76 1.00018
4.26667 78 1.00019
4.26667 80 1.0002
4.26667 82 1.00021
4.26667 84 1.00021
4.26667 86 1.00022
4.26667 88 1.00022
4.26667 90 1.00022
4.44444 0 0.998825
4.44444 2 0.998826
4.44444 4 0.998828
4.44444 6 0.99883
4.44444 8 0.998833
4.44444 10 0.998835
4.44444 12 0.998833
4.44444 14 0.99883
4.44444 16 0.998826
4.44444 18 0.998825
4.44444 20 0.99883
4.44444 22 0.998845
4.44444 24 0.998871
4.44444 26 0.998909
4.44444 28 0.998958
4.44444 30 0.999014
4.44444 32 0.999076
4.44444 34 0.999142
4.44444 36 0.999213
4.44444 38 0.999288
4.44444 40 0.999368
4.44444 42 0.999451
4.44444 44 0.999534
4.44444 46 0.999617
4.44444 48 0.999697
4.44444 50 0.999772
4.44444 52 0.999843
4.44444 54 0.999907
4.44444 56 0.999965
4.44444 58 1.00002
4.44444 60 1.00006
4.44444 62 1.0001
4.44444 64 1.00014
4.44444 66 1.00017
4.44444 68 1.00019
4.44444 70 1.00022
4.44444 72 1.00023
4.44444 74 1.00025
4.44444 76 1.00026
4.44444 78 1.00027
4.44444 80 1.00028
4.44444 82 1.00029
4.44444 84 1.00029
4.44444 86 1.0003
4.44444 88 1.0003
4.44444 90 1.0003
4.62222 0 0.998851
4.62222 2 0.998852
4.62222 4 0.998854
4.62222 6 0.998857
4.62222 8 0.99886
4.62222 10 0.998861
4.62222 12 0.99886
4.62222 14 0.998856
4.62222 16 0.998852
4.62222 18 0.998853
4.62222 20 0.998862
4.62222 22 0.998882
4.62222 24 0.998916
4.62222 26 0.998962
4.62222 28 0.999018
4.62222 30 0.999081
4.62222 32 0.99915
4.62222 34 0.999223
4.62222 36 0.999302
4.62222 38 0.999386
4.62222 40 0.999475
4.62222 42 0.999565
4.62222 44 0.999654
4.62222 46 0.99974
4.62222 48 0.999822
4.62222 50 0.999898
4.62222 52 0.999966
4.62222 54 1.00003
4.62222 56 1.00008
4.62222 58 1.00013
4.62222 60 1.00017
4.62222 62 1.00021
4.62222 64 1.00024
4.62222 66 1.00026
4.62222 68 1.00029
4.62222 70 1.00031
4.62222 72 1.00032
4.62222 74 1.00033
4.62222 76 1.00035
4.62222 78 1.00035
4.62222 80 1.00036
4.62222 82 1.00037
4.62222 84 1.00037
4.62222 86 1.00037
4.62222 88 1.00038
4.62222 90 1.00038
4.8 0 0.998885
4.8 2 0.998886
4.8 4 0.998888
4.8 6 0.998892
4.8 8 0.998895
4.8 10 0.998896
4.8 12 0.998894
4.8 14 0.998889
4.8 16 0.998887
4.8 18 0.99889
4.8 20 0.998903
4.8 22 0.99893
4.8 24 0.998971
4.8 26 0.999025
4.8 28 0.999088
4.8 30 0.999158
4.8 32 0.999233
4.8 34 0.999314
4.8 36 0.999403
4.8 38 0.999496
4.8 40 0.999591
4.8 42 0.999687
4.8 44 0.99978
4.8 46 0.999868
4.8 48 0.999949
4.8 50 1.00002
4.8 52 1.00009
4.8 54 1.00015
4.8 56 1.0002
4.8 58 1.00024
4.8 60 1.00028
4.8 62 1.00031
4.8 64 1.00033
4.8 66 1.00036
4.8 68 1.00038
4.8 70 1.00039
4.8 72 1.0004
4.8 74 1.00042
4.8 76 1.00043
4.8 78 1.00043
4.8 80 1.00044
4.8 82 1.00044
4.8 84 1.00045
4.8 86 1.00045
4.8 88 1.00045
4.8 90 1.00045
4.97778 0 0.998927
4.97778 2 0.998928
4.97778 4 0.998931
4.97778 6 0.998935
4.97778 8 0.998938
4.97778 10 0.998939
4.97778 12 0.998936
4.97778 14 0.998931
4.97778 16 0.99893
4.97778 18 0.998936
4.97778 20 0.998954
4.97778 22 0.998988
4.97778 24 0.999037
4.97778 26 0.999098
4.97778 28 0.999168
4.97778 30 0.999244
4.97778 32 0.999326
4.97778 34 0.999416
4.97778 36 0.999513
4.97778 38 0.999613
4.97778 40 0.999715
4.97778 42 0.999814
4.97778 44 0.999909
4.97778 46 0.999996
4.97778 48 1.00007
4.97778 50 1.00014
4.97778 52 1.00021
4.97778 54 1.00026
4.97778 56 1.0003
4.97778 58 1.00034
4.97778 60 1.00037
4.97778 62 1.0004
4.97778 64 1.00042
4.97778 66 1.00044
4.97778 68 1.00046
4.97778 70 1.00047
4.97778 72 1.00049
4.97778 74 1.0005
4.97778 76 1.0005
4.97778 78 1.00051
4.97778 80 1.00052
4.97778 82 1.00052
4.97778 84 1.00052
4.97778 86 1.00052
4.97778 88 1.00053
4.97778 90 1.00053
5.15556 0 0.998976
5.15556 2 0.998977
5.15556 4 0.99898
5.15556 6 0.998984
5.15556 8 0.998988
5.15556 10 0.998988
5.15556 12 0.998984
5.15556 14 0.99898
5.15556 16 0.99898
5.15556 18 0.99899
5.15556 20 0.999014
5.15556 22 0.999055
5.15556 24 0.999111
5.15556 26 0.999178
5.15556 28 0.999254
5.15556 30 0.999336
5.15556 32 0.999426
5.15556 34 0.999524
5.15556 36 0.999628
5.15556 38 0.999735
5.15556 40 0.99984
5.15556 42 0.999941
5.15556 44 1.00003
5.15556 46 1.00012
5.15556 48 1.00019
5.15556 50 1.00026
5.15556 52 1.00031
5.15556 54 1.00036
5.15556 56 1.0004
5.15556 58 1.00044
5.15556 60 1.00046
5.15556 62 1.00049
5.15556 64 1.00051
5.15556 66 1.00052
5.15556 68 1.00054
5.15556 70 1.00055
5.15556 72 1.00056
5.15556 74 1.00057
5.15556 76 1.00058
5.15556 78 1.00058
5.15556 80 1.00059
5.15556 82 1.00059
5.15556 84 1.00059
5.15556 86 1.0006
5.15556 88 1.0006
5.15556 90 1.0006
5.33333 0 0.99903
5.33333 2 0.999031
5.33333 4 0.999035
5.33333 6 0.99904
5.33333 8 0.999043
5.33333 10 0.999043
5.33333 12 0.999039
5.33333 14 0.999035
5.33333 16 0.999037
5.33333 18 0.99905
5.33333 20 0.999081
5.33333 22 0.999128
5.33333 24 0.999191
5.33333 26 0.999264
5.33333 28 0.999344
5.33333 30 0.999432
5.33333 32 0.99953
5.33333 34 0.999635
5.33333 36 0.999745
5.33333 38 0.999855
5.33333 40 0.999961
5.33333 42 1.00006
5.33333 44 1.00015
5.33333 46 1.00023
5.33333 48 1.0003
5.33333 50 1.00036
5.33333 52 1.00041
5.33333 54 1.00045
5.33333 56 1.00049
5.33333 58 1.00052
5.33333 60 1.00054
5.33333 62 1.00056
5.33333 64 1.00058
5.33333 66 1.00059
5.33333 68 1.00061
5.33333 70 1.00062
5.33333 72 1.00063
5.33333 74 1.00063
5.33333 76 1.00064
5.33333 78 1.00065
5.33333 80 1.00065
5.33333 82 1.00066
5.33333 84 1.00066
5.33333 86 1.00066
5.33333 88 1.00066
5.33333 90 1.00066
5.51111 0 0.999088
5.51111 2 0.999089
5.51111 4 0.999093
5.51111 6 0.999099
5.51111 8 0.999102
5.51111 10 0.999101
5.51111 12 0.999097
5.51111 14 0.999094
5.51111 16 0.999098
5.51111 18 0.999115
5.51111 20 0.999152
5.51111 22 0.999206
5.51111 24 0.999274
5.51111 26 0.999351
5.51111 28 0.999435
5.51111 30 0.999529
5.51111 32 0.999633
5.51111 34 0.999744
5.51111 36 0.999857
5.51111 38 0.999968
5.51111 40 1.00007
5.51111 42 1.00017
5.51111 44 1.00025
5.51111 46 1.00033
5.51111 48 1.00039
5.51111 50 1.00044
5.51111 52 1.00049
5.51111 54 1.00052
5.51111 56 1.00055
5.51111 58 1.00058
5.51111 60 1.0006
5.51111 62 1.00062
5.51111 64 1.00063
5.51111 66 1.00065
5.51111 68 1.00066
5.51111 70 1.00067
5.51111 72 1.00068
5.51111 74 1.00069
5.51111 76 1.00069
5.51111 78 1.0007
5.51111 80 1.0007
5.51111 82 1.00071
5.51111 84 1.00071
5.51111 86 1.00071
5.51111 88 1.00071
5.51111 90 1.00071
5.68889 0 0.999148
5.68889 2 0.999149
5.68889 4 0.999154
5.68889 6 0.999159
5.68889 8 0.999163
5.68889 10 0.999161
5.68889 12 0.999156
5.68889 14 0.999154
5.68889 16 0.999161
5.68889 18 0.999183
5.68889 20 0.999225
5.68889 22 0.999284
5.68889 24 0.999356
5.68889 26 0.999435
5.68889 28 0.999524
5.68889 30 0.999623
5.68889 32 0.999731
5.68889 34 0.999845
5.68889 36 0.999958
5.68889 38 1.00007
5.68889 40 1.00017
5.68889 42 1.00026
5.68889 44 1.00033
5.68889 46 1.0004
5.68889 48 1.00045
5.68889 50 1.0005
5.68889 52 1.00054
5.68889 54 1.00057
5.68889 56 1.0006
5.68889 58 1.00062
5.68889 60 1.00064
5.68889 62 1.00065
5.68889 64 1.00067
5.68889 66 1.00068
5.68889 68 1.00069
5.68889 70 1.0007
5.68889 72 1.00071
5.68889 74 1.00072
5.68889 76 1.00072
5.68889 78 1.00073
5.68889 80 1.00073
5.68889 82 1.00074
5.68889 84 1.00074
5.68889 86 1.00074
5.68889 88 1.00074
5.68889 90 1.00074
5.86667 0 0.999209
5.86667 2 0.99921
5.86667 4 0.999214
5.86667 6 0.99922
5.86667 8 0.999223
5.86667 10 0.999221
5.86667 12 0.999216
5.86667 14 0.999216
5.86667 16 0.999225
5.86667 18 0.999252
5.86667 20 0.999298
5.86667 22 0.999361
5.86667 24 0.999434
5.86667 26 0.999515
5.86667 28 0.999607
5.86667 30 0.999709
5.86667 32 0.999819
5.86667 34 0.999932
5.86667 36 1.00004
5.86667 38 1.00015
5.86667 40 1.00024
5.86667 42 1.00032
5.86667 44 1.00039
5.86667 46 1.00045
5.86667 48 1.0005
5.86667 50 1.00053
5.86667 52 1.00057
5.86667 54 1.00059
5.86667 56 1.00062
5.86667 58 1.00064
5.86667 60 1.00065
5.86667 62 1.00067
5.86667 64 1.00068
5.86667 66 1.00069
5.86667 68 1.0007
5.86667 70 1.00071
5.86667 72 1.00072
5.86667 74 1.00073
5.86667 76 1.00073
5.86667 78 1.00074
5.86667 80 1.00074
5.86667 82 1.00075
5.86667 84 1.00075
5.86667 86 1.00075
5.86667 88 1.00075
5.86667 90 1.00075
6.04444 0 0.999268
6.04444 2 0.999269
6.04444 4 0.999274
6.04444 6 0.99928
6.04444 8 0.999282
6.04444 10 0.99928
6.04444 12 0.999276
6.04444 14 0.999276
6.04444 16 0.999288
6.04444 18 0.999319
6.04444 20 0.999369
6.04444 22 0.999433
6.04444 24 0.999506
6.04444 26 0.999588
6.04444 28 0.999681
6.04444 30 0.999785
6.04444 32 0.999894
6.04444 34 1
6.04444 36 1.00011
6.04444 38 1.0002
6.04444 40 1.00029
6.04444 42 1.00036
6.04444 44 1.00042
6.04444 46 1.00047
6.04444 48 1.00051
6.04444 50 1.00054
6.04444 52 1.00057
6.04444 54 1.00059
6.04444 56 1.00061
6.04444 58 1.00063
6.04444 60 1.00064
6.04444 62 1.00065
6.04444 64 1.00067
6.04444 66 1.00068
6.04444 68 1.00069
6.04444 70 1.00069
6.04444 72 1.0007
6.04444 74 1.00071
6.04444 76 1.00071
6.04444 78 1.00072
6.04444 80 1.00072
6.04444 82 1.00073
6.04444 84 1.00073
6.04444 86 1.00073
6.04444 88 1.00073
6.04444 90 1.00073
6.22222 0 0.999325
6.22222 2 0.999326
6.22222 4 0.999331
6.22222 6 0.999337
6.22222 8 0.999339
6.22222 10 0.999337
6.22222 12 0.999333
6.22222 14 0.999335
6.22222 16 0.99935
6.22222 18 0.999384
6.22222 20 0.999435
6.22222 22 0.999499
6.22222 24 0.99957
6.22222 26 0.999652
6.22222 28 0.999745
6.22222 30 0.999846
6.22222 32 0.999951
6.22222 34 1.00005
6.22222 36 1.00015
6.22222 38 1.00023
6.22222 40 1.00031
6.22222 42 1.00037
6.22222 44 1.00042
6.22222 46 1.00046
6.22222 48 1.00049
6.22222 50 1.00052
6.22222 52 1.00054
6.22222 54 1.00056
6.22222 56 1.00058
6.22222 58 1.00059
6.22222 60 1.0006
6.22222 62 1.00061
6.22222 64 1.00063
6.22222 66 1.00063
6.22222 68 1.00064
6.22222 70 1.00065
6.22222 72 1.00066
6.22222 74 1.00066
6.22222 76 1.00067
6.22222 78 1.00067
6.22222 80 1.00068
6.22222 82 1.00068
6.22222 84 1.00068
6.22222 86 1.00068
6.22222 88 1.00069
6.22222 90 1.00069
6.4 0 0.999381
6.4 2 0.999382
6.4 4 0.999387
6.4 6 0.999393
6.4 8 0.999394
6.4 10 0.999391
6.4 12 0.999388
6.4 14 0.999391
6.4 16 0.999409
6.4 18 0.999444
6.4 20 0.999495
6.4 22 0.999557
6.4 24 0.999626
6.4 26 0.999706
6.4 28 0.999796
6.4 30 0.999893
6.4 32 0.999991
6.4 34 1.00008
6.4 36 1.00017
6.4 38 1.00024
6.4 40 1.0003
6.4 42 1.00036
6.4 44 1.0004
6.4 46 1.00043
6.4 48 1.00045
6.4 50 1.00048
6.4 52 1.00049
6.4 54 1.00051
6.4 56 1.00052
6.4 58 1.00053
6.4 60 1.00054
6.4 62 1.00055
6.4 64 1.00056
6.4 66 1.00057
6.4 68 1.00058
6.4 70 1.00058
6.4 72 1.00059
6.4 74 1.00059
6.4 76 1.0006
6.4 78 1.0006
6.4 80 1.00061
6.4 82 1.00061
6.4 84 1.00061
6.4 86 1.00061
6.4 88 1.00061
6.4 90 1.00061
6.57778 0 0.999435
6.57778 2 0.999436
6.57778 4 0.999441
6.57778 6 0.999446
6.57778 8 0.999447
6.57778 10 0.999444
6.57778 12 0.999442
6.57778 14 0.999447
6.57778 16 0.999466
6.57778 18 0.999502
6.57778 20 0.999551
6.57778 22 0.999609
6.57778 24 0.999675
6.57778 26 0.999751
6.57778 28 0.999837
6.57778 30 0.999926
6.57778 32 1.00001
6.57778 34 1.0001
6.57778 36 1.00017
6.57778 38 1.00023
6.57778 40 1.00028
6.57778 42 1.00032
6.57778 44 1.00035
6.57778 46 1.00038
6.57778 48 1.0004
6.57778 50 1.00041
6.57778 52 1.00043
6.57778 54 1.00044
6.57778 56 1.00045
6.57778 58 1.00046
6.57778 60 1.00046
6.57778 62 1.00047
6.57778 64 1.00048
6.57778 66 1.00049
6.57778 68 1.00049
6.57778 70 1.0005
6.57778 72 1.0005
6.57778 74 1.00051
6.57778 76 1.00051
6.57778 78 1.00051
6.57778 80 1.00052
6.57778 82 1.00052
6.57778 84 1.00052
6.57778 86 1.00052
6.57778 88 1.00052
6.57778 90 1.00052
6.75556 0 0.999488
6.75556 2 0.999489
6.75556 4 0.999494
6.75556 6 0.999498
6.75556 8 0.999499
6.75556 10 0.999496
6.75556 12 0.999495
6.75556 14 0.999501
6.75556 16 0.999521
6.75556 18 0.999556
6.75556 20 0.999602
6.75556 22 0.999655
6.75556 24 0.999717
6.75556 26 0.999788
6.75556 28 0.999866
6.75556 30 0.999947
6.75556 32 1.00002
6.75556 34 1.00009
6.75556 36 1.00015
6.75556 38 1.0002
6.75556 40 1.00024
6.75556 42 1.00027
6.75556 44 1.00029
6.75556 46 1.00031
6.75556 48 1.00033
6.75556 50 1.00034
6.75556 52 1.00035
6.75556 54 1.00035
6.75556 56 1.00036
6.75556 58 1.00037
6.75556 60 1.00037
6.75556 62 1.00038
6.75556 64 1.00039
6.75556 66 1.00039
6.75556 68 1.00039
6.75556 70 1.0004
6.75556 72 1.0004
6.75556 74 1.00041
6.75556 76 1.00041
6.75556 78 1.00041
6.75556 80 1.00041
6.75556 82 1.00041
6.75556 84 1.00042
6.75556 86 1.00042
6.75556 88 1.00042
6.75556 90 1.00042
6.93333 0 0.999541
6.93333 2 0.999542
6.93333 4 0.999546
6.93333 6 0.99955
6.93333 8 0.999551
6.93333 10 0.999548
6.93333 12 0.999547
6.93333 14 0.999554
6.93333 16 0.999574
6.93333 18 0.999607
6.93333 20 0.999649
6.93333 22 0.999697
6.93333 24 0.999753
6.93333 26 0.999818
6.93333 28 0.999888
6.93333 30 0.999958
6.93333 32 1.00002
6.93333 34 1.00008
6.93333 36 1.00013
6.93333 38 1.00016
6.93333 40 1.00019
6.93333 42 1.00021
6.93333 44 1.00023
6.93333 46 1.00024
6.93333 48 1.00025
6.93333 50 1.00026
6.93333 52 1.00026
6.93333 54 1.00027
6.93333 56 1.00027
6.93333 58 1.00028
6.93333 60 1.00028
6.93333 62 1.00029
6.93333 64 1.00029
6.93333 66 1.00029
6.93333 68 1.00029
6.93333 70 1.0003
6.93333 72 1.0003
6.93333 74 1.0003
6.93333 76 1.0003
6.93333 78 1.0003
6.93333 80 1.00031
6.93333 82 1.00031
6.93333 84 1.00031
6.93333 86 1.00031
6.93333 88 1.00031
6.93333 90 1.00031
7.11111 0 0.999594
7.11111 2 0.999595
7.11111 4 0.999599
7.11111 6 0.999602
7.11111 8 0.999602
7.11111 10 0.9996
7.11111 12 0.9996
7.11111 14 0.999607
7.11111 16 0.999627
7.11111 18 0.999656
7.11111 20 0.999693
7.11111 22 0.999736
7.11111 24 0.999786
7.11111 26 0.999844
7.11111 28 0.999904
7.11111 30 0.999963
7.11111 32 1.00002
7.11111 34 1.00006
7.11111 36 1.00009
7.11111 38 1.00012
7.11111 40 1.00014
7.11111 42 1.00015
7.11111 44 1.00016
7.11111 46 1.00017
7.11111 48 1.00018
7.11111 50 1.00018
7.11111 52 1.00018
7.11111 54 1.00019
7.11111 56 1.00019
7.11111 58 1.00019
7.11111 60 1.00019
7.11111 62 1.00019
7.11111 64 1.0002
7.11111 66 1.0002
7.11111 68 1.0002
7.11111 70 1.0002
7.11111 72 1.0002
7.11111 74 1.0002
7.11111 76 1.0002
7.11111 78 1.0002
7.11111 80 1.0002
7.11111 82 1.00021
7.11111 84 1.00021
7.11111 86 1.00021
7.11111 88 1.00021
7.11111 90 1.00021
7.28889 0 0.999647
7.28889 2 0.999648
7.28889 4 0.999652
7.28889 6 0.999655
7.28889 8 0.999654
7.28889 10 0.999653
7.28889 12 0.999653
7.28889 14 0.999661
7.28889 16 0.999678
7.28889 18 0.999704
7.28889 20 0.999736
7.28889 22 0.999773
7.28889 24 0.999818
7.28889 26 0.999867
7.28889 28 0.999917
7.28889 30 0.999964
7.28889 32 1
7.28889 34 1.00004
7.28889 36 1.00006
7.28889 38 1.00008
7.28889 40 1.00009
7.28889 42 1.0001
7.28889 44 1.0001
7.28889 46 1.00011
7.28889 48 1.00011
7.28889 50 1.00011
7.28889 52 1.00011
7.28889 54 1.00011
7.28889 56 1.00011
7.28889 58 1.00011
7.28889 60 1.00011
7.28889 62 1.00011
7.28889 64 1.00011
7.28889 66 1.00011
7.28889 68 1.00011
7.28889 70 1.00011
7.28889 72 1.00011
7.28889 74 1.00011
7.28889 76 1.00011
7.28889 78 1.00011
7.28889 80 1.00011
7.28889 82 1.00011
7.28889 84 1.00011
7.28889 86 1.00011
7.28889 88 1.00011
7.28889 90 1.00011
7.46667 0 0.999701
7.46667 2 0.999702
7.46667 4 0.999705
7.46667 6 0.999707
7.46667 8 0.999707
7.46667 10 0.999705
7.46667 12 0.999706
7.46667 14 0.999714
7.46667 16 0.999729
7.46667 18 0.999752
7.46667 20 0.999778
7.46667 22 0.99981
7.46667 24 0.999848
7.46667 26 0.999889
7.46667 28 0.999929
7.46667 30 0.999966
7.46667 32 0.999996
7.46667 34 1.00002
7.46667 36 1.00003
7.46667 38 1.00005
7.46667 40 1.00005
7.46667 42 1.00005
7.46667 44 1.00006
7.46667 46 1.00006
7.46667 48 1.00006
7.46667 50 1.00005
7.46667 52 1.00005
7.46667 54 1.00005
7.46667 56 1.00005
7.46667 58 1.00005
7.46667 60 1.00005
7.46667 62 1.00005
7.46667 64 1.00005
7.46667 66 1.00005
7.46667 68 1.00005
7.46667 70 1.00004
7.46667 72 1.00004
7.46667 74 1.00004
7.46667 76 1.00004
7.46667 78 1.00004
7.46667 80 1.00004
7.46667 82 1.00004
7.46667 84 1.00004
7.46667 86 1.00004
7.46667 88 1.00004
7.46667 90 1.00004
7.64444 0 0.999754
7.64444 2 0.999755
7.64444 4 0.999757
7.64444 6 0.999759
7.64444 8 0.999759
7.64444 10 0.999758
7.64444 12 0.999759
7.64444 14 0.999766
7.64444 16 0.999779
7.64444 18 0.999798
7.64444 20 0.99982
7.64444 22 0.999847
7.64444 24 0.999878
7.64444 26 0.999911
7.64444 28 0.999942
7.64444 30 0.999969
7.64444 32 0.99999
7.64444 34 1
7.64444 36 1.00001
7.64444 38 1.00002
7.64444 40 1.00002
7.64444 42 1.00002
7.64444 44 1.00002
7.64444 46 1.00002
7.64444 48 1.00002
7.64444 50 1.00001
7.64444 52 1.00001
7.64444 54 1.00001
7.64444 56 1.00001
7.64444 58 1
7.64444 60 1
7.64444 62 1
7.64444 64 0.999999
7.64444 66 0.999997
7.64444 68 0.999995
7.64444 70 0.999994
7.64444 72 0.999993
7.64444 74 0.999992
7.64444 76 0.99999
7.64444 78 0.99999
7.64444 80 0.999989
7.64444 82 0.999988
7.64444 84 0.999988
7.64444 86 0.999987
7.64444 88 0.999987
7.64444 90 0.999987
7.82222 0 0.999806
7.82222 2 0.999806
7.82222 4 0.999808
7.82222 6 0.99981
7.82222 8 0.999809
7.82222 10 0.999808
7.82222 12 0.99981
7.82222 14 0.999816
7.82222 16 0.999827
7.82222 18 0.999842
7.82222 20 0.99986
7.82222 22 0.999883
7.82222 24 0.999908
7.82222 26 0.999933
7.82222 28 0.999957
7.82222 30 0.999976
7.82222 32 0.999989
7.82222 34 0.999998
7.82222 36 1
7.82222 38 1
7.82222 40 1
7.82222 42 1
7.82222 44 0.999998
7.82222 46 0.999995
7.82222 48 0.999992
7.82222 50 0.999988
7.82222 52 0.999985
7.82222 54 0.999982
7.82222 56 0.999979
7.82222 58 0.999976
7.82222 60 0.999974
7.82222 62 0.999971
7.82222 64 0.999969
7.82222 66 0.999966
7.82222 68 0.999964
7.82222 70 0.999963
7.82222 72 0.999961
7.82222 74 0.999959
7.82222 76 0.999958
7.82222 78 0.999957
7.82222 80 0.999956
7.82222 82 0.999955
7.82222 84 0.999954
7.82222 86 0.999954
7.82222 88 0.999954
7.82222 90 0.999954
8 0 0.999854
8 2 0.999855
8 4 0.999856
8 6 0.999857
8 8 0.999857
8 10 0.999856
8 12 0.999858
8 14 0.999863
8 16 0.999872
8 18 0.999884
8 20 0.999899
8 22 0.999917
8 24 0.999937
8 26 0.999956
8 28 0.999972
8 30 0.999985
8 32 0.999993
8 34 0.999997
8 36 0.999998
8 38 0.999997
8 40 0.999995
8 42 0.999992
8 44 0.999988
8 46 0.999984
8 48 0.99998
8 50 0.999977
8 52 0.999973
8 54 0.99997
8 56 0.999966
8 58 0.999963
8 60 0.99996
8 62 0.999958
8 64 0.999955
8 66 0.999953
8 68 0.99995
8 70 0.999948
8 72 0.999946
8 74 0.999945
8 76 0.999943
8 78 0.999942
8 80 0.999941
8 82 0.99994
8 84 0.999939
8 86 0.999939
8 88 0.999938
8 90 0.999938
8.17778 0 0.999899
8.17778 2 0.9999
8.17778 4 0.999901
8.17778 6 0.999901
8.17778 8 0.999901
8.17778 10 0.999901
8.17778 12 0.999902
8.17778 14 0.999906
8.17778 16 0.999914
8.17778 18 0.999923
8.17778 20 0.999935
8.17778 22 0.999949
8.17778 24 0.999964
8.17778 26 0.999978
8.17778 28 0.999989
8.17778 30 0.999997
8.17778 32 1
8.17778 34 1
8.17778 36 1
8.17778 38 0.999999
8.17778 40 0.999995
8.17778 42 0.999992
8.17778 44 0.999988
8.17778 46 0.999984
8.17778 48 0.99998
8.17778 50 0.999976
8.17778 52 0.999973
8.17778 54 0.999969
8.17778 56 0.999966
8.17778 58 0.999963
8.17778 60 0.99996
8.17778 62 0.999957
8.17778 64 0.999955
8.17778 66 0.999952
8.17778 68 0.99995
8.17778 70 0.999948
8.17778 72 0.999946
8.17778 74 0.999944
8.17778 76 0.999943
8.17778 78 0.999942
8.17778 80 0.99994
8.17778 82 0.99994
8.17778 84 0.999939
8.17778 86 0.999938
8.17778 88 0.999938
8.17778 90 0.999938
8.35556 0 0.999939
8.35556 2 0.999939
8.35556 4 0.99994
8.35556 6 0.999941
8.35556 8 0.99994
8.35556 10 0.99994
8.35556 12 0.999941
8.35556 14 0.999945
8.35556 16 0.999951
8.35556 18 0.999958
8.35556 20 0.999967
8.35556 22 0.999978
8.35556 24 0.999989
8.35556 26 0.999999
8.35556 28 1.00001
8.35556 30 1.00001
8.35556 32 1.00001
8.35556 34 1.00001
8.35556 36 1.00001
8.35556 38 1.00001
8.35556 40 1
8.35556 42 0.999999
8.35556 44 0.999995
8.35556 46 0.999991
8.35556 48 0.999988
8.35556 50 0.999984
8.35556 52 0.999981
8.35556 54 0.999978
8.35556 56 0.999975
8.35556 58 0.999972
8.35556 60 0.999969
8.35556 62 0.999966
8.35556 64 0.999964
8.35556 66 0.999962
8.35556 68 0.999959
8.35556 70 0.999957
8.35556 72 0.999956
8.35556 74 0.999954
8.35556 76 0.999953
8.35556 78 0.999952
8.35556 80 0.999951
8.35556 82 0.99995
8.35556 84 0.999949
8.35556 86 0.999949
8.35556 88 0.999948
8.35556 90 0.999948
8.53333 0 0.999974
8.53333 2 0.999974
8.53333 4 0.999975
8.53333 6 0.999975
8.53333 8 0.999975
8.53333 10 0.999974
8.53333 12 0.999975
8.53333 14 0.999978
8.53333 16 0.999983
8.53333 18 0.999988
8.53333 20 0.999996
8.53333 22 1
8.53333 24 1.00001
8.53333 26 1.00002
8.53333 28 1.00002
8.53333 30 1.00002
8.53333 32 1.00002
8.53333 34 1.00002
8.53333 36 1.00002
8.53333 38 1.00002
8.53333 40 1.00001
8.53333 42 1.00001
8.53333 44 1.00001
8.53333 46 1
8.53333 48 1
8.53333 50 0.999997
8.53333 52 0.999994
8.53333 54 0.999991
8.53333 56 0.999989
8.53333 58 0.999986
8.53333 60 0.999983
8.53333 62 0.999981
8.53333 64 0.999979
8.53333 66 0.999977
8.53333 68 0.999975
8.53333 70 0.999973
8.53333 72 0.999972
8.53333 74 0.99997
8.53333 76 0.999969
8.53333 78 0.999968
8.53333 80 0.999967
8.53333 82 0.999966
8.53333 84 0.999966
8.53333 86 0.999965
8.53333 88 0.999965
8.53333 90 0.999965
8.71111 0 1
8.71111 2 1
8.71111 4 1
8.71111 6 1
8.71111 8 1
8.71111 10 1
8.71111 12 1
8.71111 14 1.00001
8.71111 16 1.00001
8.71111 18 1.00001
8.71111 20 1.00002
8.71111 22 1.00003
8.71111 24 1.00003
8.71111 26 1.00004
8.71111 28 1.00004
8.71111 30 1.00004
8.71111 32 1.00004
8.71111 34 1.00004
8.71111 36 1.00003
8.71111 38 1.00003
8.71111 40 1.00003
8.71111 42 1.00002
8.71111 44 1.00002
8.71111 46 1.00002
8.71111 48 1.00002
8.71111 50 1.00001
8.71111 52 1.00001
8.71111 54 1.00001
8.71111 56 1.00001
8.71111 58 1
8.71111 60 1
8.71111 62 0.999999
8.71111 64 0.999997
8.71111 66 0.999995
8.71111 68 0.999994
8.71111 70 0.999992
8.71111 72 0.999991
8.71111 74 0.99999
8.71111 76 0.999989
8.71111 78 0.999988
8.71111 80 0.999987
8.71111 82 0.999986
8.71111 84 0.999986
8.71111 86 0.999985
8.71111 88 0.999985
8.71111 90 0.999985
8.88889 0 1.00003
8.88889 2 1.00003
8.88889 4 1.00003
8.88889 6 1.00003
8.88889 8 1.00003
8.88889 10 1.00003
8.88889 12 1.00003
8.88889 14 1.00003
8.88889 16 1.00003
8.88889 18 1.00004
8.88889 20 1.00004
8.88889 22 1.00004
8.88889 24 1.00005
8.88889 26 1.00005
8.88889 28 1.00005
8.88889 30 1.00005
8.88889 32 1.00005
8.88889 34 1.00005
8.88889 36 1.00005
8.88889 38 1.00004
8.88889 40 1.00004
8.88889 42 1.00004
8.88889 44 1.00004
8.88889 46 1.00003
8.88889 48 1.00003
8.88889 50 1.00003
8.88889 52 1.00003
8.88889 54 1.00002
8.88889 56 1.00002
8.88889 58 1.00002
8.88889 60 1.00002
8.88889 62 1.00002
8.88889 64 1.00002
8.88889 66 1.00001
8.88889 68 1.00001
8.88889 70 1.00001
8.88889 72 1.00001
8.88889 74 1.00001
8.88889 76 1.00001
8.88889 78 1.00001
8.88889 80 1.00001
8.88889 82 1.00001
8.88889 84 1.00001
8.88889 86 1.00001
8.88889 88 1.00001
8.88889 90 1.00001
9.06667 0 1.00005
9.06667 2 1.00005
9.06667 4 1.00005
9.06667 6 1.00005
9.06667 8 1.00005
9.06667 10 1.00005
9.06667 12 1.00005
9.06667 14 1.00005
9.06667 16 1.00005
9.06667 18 1.00005
9.06667 20 1.00006
9.06667 22 1.00006
9.06667 24 1.00006
9.06667 26 1.00006
9.06667 28 1.00006
9.06667 30 1.00006
9.06667 32 1.00006
9.06667 34 1.00006
9.06667 36 1.00006
9.06667 38 1.00005
9.06667 40 1.00005
9.06667 42 1.00005
9.06667 44 1.00005
9.06667 46 1.00005
9.06667 48 1.00004
9.06667 50 1.00004
9.06667 52 1.00004
9.06667 54 1.00004
9.06667 56 1.00004
9.06667 58 1.00004
9.06667 60 1.00004
9.06667 62 1.00003
9.06667 64 1.00003
9.06667 66 1.00003
9.06667 68 1.00003
9.06667 70 1.00003
9.06667 72 1.00003
9.06667 74 1.00003
9.06667 76 1.00003
9.06667 78 1.00003
9.06667 80 1.00003
9.06667 82 1.00003
9.06667 84 1.00003
9.06667 86 1.00003
9.06667 88 1.00003
9.06667 90 1.00003
9.24444 0 1.00006
9.24444 2 1.00006
9.24444 4 1.00006
9.24444 6 1.00006
9.24444 8 1.00006
9.24444 10 1.00006
9.24444 12 1.00006
9.24444 14 1.00006
9.24444 16 1.00006
9.24444 18 1.00007
9.24444 20 1.00007
9.24444 22 1.00007
9.24444 24 1.00007
9.24444 26 1.00007
9.24444 28 1.00007
9.24444 30 1.00007
9.24444 32 1.00007
9.24444 34 1.00007
9.24444 36 1.00007
9.24444 38 1.00007
9.24444 40 1.00006
9.24444 42 1.00006
9.24444 44 1.00006
9.24444 46 1.00006
9.24444 48 1.00006
9.24444 50 1.00006
9.24444 52 1.00005
9.24444 54 1.00005
9.24444 56 1.00005
9.24444 58 1.00005
9.24444 60 1.00005
9.24444 62 1.00005
9.24444 64 1.00005
9.24444 66 1.00005
9.24444 68 1.00005
9.24444 70 1.00005
9.24444 72 1.00005
9.24444 74 1.00004
9.24444 76 1.00004
9.24444 78 1.00004
9.24444 80 1.00004
9.24444 82 1.00004
9.24444 84 1.00004
9.24444 86 1.00004
9.24444 88 1.00004
9.24444 90 1.00004
9.42222 0 1.00007
9.42222 2 1.00007
9.42222 4 1.00007
9.42222 6 1.00007
9.42222 8 1.00007
9.42222 10 1.00007
9.42222 12 1.00007
9.42222 14 1.00007
9.42222 16 1.00007
9.42222 18 1.00008
9.42222 20 1.00008
9.42222 22 1.00008
9.42222 24 1.00008
9.42222 26 1.00008
9.42222 28 1.00008
9.42222 30 1.00008
9.42222 32 1.00008
9.42222 34 1.00008
9.42222 36 1.00008
9.42222 38 1.00007
9.42222 40 1.00007
9.42222 42 1.00007
9.42222 44 1.00007
9.42222 46 1.00007
9.42222 48 1.00007
9.42222 50 1.00007
9.42222 52 1.00007
9.42222 54 1.00007
9.42222 56 1.00006
9.42222 58 1.00006
9.42222 60 1.00006
9.42222 62 1.00006
9.42222 64 1.00006
9.42222 66 1.00006
9.42222 68 1.00006
9.42222 70 1.00006
9.42222 72 1.00006
9.42222 74 1.00006
9.42222 76 1.00006
9.42222 78 1.00006
9.42222 80 1.00006
9.42222 82 1.00006
9.42222 84 1.00006
9.42222 86 1.00006
9.42222 88 1.00006
9.42222 90 1.00006
9.6 0 1.00008
9.6 2 1.00008
9.6 4 1.00008
9.6 6 1.00008
9.6 8 1.00008
9.6 10 1.00008
9.6 12 1.00008
9.6 14 1.00008
9.6 16 1.00008
9.6 18 1.00008
9.6 20 1.00008
9.6 22 1.00009
9.6 24 1.00009
9.6 26 1.00009
9.6 28 1.00009
9.6 30 1.00008
9.6 32 1.00008
9.6 34 1.00008
9.6 36 1.00008
9.6 38 1.00008
9.6 40 1.00008
9.6 42 1.00008
9.6 44 1.00008
9.6 46 1.00008
9.6 48 1.00008
9.6 50 1.00008
9.6 52 1.00008
9.6 54 1.00007
9.6 56 1.00007
9.6 58 1.00007
9.6 60 1.00007
9.6 62 1.00007
9.6 64 1.00007
9.6 66 1.00007
9.6 68 1.00007
9.6 70 1.00007
9.6 72 1.00007
9.6 74 1.00007
9.6 76 1.00007
9.6 78 1.00007
9.6 80 1.00007
9.6 82 1.00007
9.6 84 1.00007
9.6 86 1.00007
9.6 88 1.00007
9.6 90 1.00007
9.77778 0 1.00009
9.77778 2 1.00009
9.77778 4 1.00009
9.77778 6 1.00009
9.77778 8 1.00009
9.77778 10 1.00009
9.77778 12 1.00009
9.77778 14 1.00009
9.77778 16 1.00009
9.77778 18 1.00009
9.77778 20 1.00009
9.77778 22 1.00009
9.77778 24 1.00009
9.77778 26 1.00009
9.77778 28 1.00009
9.77778 30 1.00009
9.77778 32 1.00009
9.77778 34 1.00009
9.77778 36 1.00009
9.77778 38 1.00009
9.77778 40 1.00009
9.77778 42 1.00009
9.77778 44 1.00008
9.77778 46 1.00008
9.77778 48 1.00008
9.77778 50 1.00008
9.77778 52 1.00008
9.77778 54 1.00008
9.77778 56 1.00008
9.77778 58 1.00008
9.77778 60 1.00008
9.77778 62 1.00008
9.77778 64 1.00008
9.77778 66 1.00008
9.77778 68 1.00008
9.77778 70 1.00008
9.77778 72 1.00008
9.77778 74 1.00008
9.77778 76 1.00008
9.77778 78 1.00008
9.77778 80 1.00008
9.77778 82 1.00008
9.77778 84 1.00008
9.77778 86 1.00008
9.77778 88 1.00008
9.77778 90 1.00008
9.95556 0 1.00009
9.95556 2 1.00009
9.95556 4 1.00009
9.95556 6 1.00009
9.95556 8 1.00009
9.95556 10 1.00009
9.95556 12 1.00009
9.95556 14 1.00009
9.95556 16 1.00009
9.95556 18 1.00009
9.95556 20 1.00009
9.95556 22 1.00009
9.95556 24 1.00009
9.95556 26 1.00009
9.95556 28 1.00009
9.95556 30 1.00009
9.95556 32 1.00009
9.95556 34 1.00009
9.95556 36 1.00009
9.95556 38 1.00009
9.95556 40 1.00009
9.95556 42 1.00009
9.95556 44 1.00009
9.95556 46 1.00009
9.95556 48 1.00009
9.95556 50 1.00009
9.95556 52 1.00009
9.95556 54 1.00009
9.95556 56 1.00009
9.95556 58 1.00009
9.95556 60 1.00009
9.95556 62 1.00009
9.95556 64 1.00009
9.95556 66 1.00009
9.95556 68 1.00009
9.95556 70 1.00008
9.95556 72 1.00008
9.95556 74 1.00008
9.95556 76 1.00008
9.95556 78 1.00008
9.95556 80 1.00008
9.95556 82 1.00008
9.95556 84 1.00008
9.95556 86 1.00008
9.95556 88 1.00008
9.95556 90 1.00008
10.1333 0 1.00009
10.1333 2 1.00009
10.1333 4 1.00009
10.1333 6 1.00009
10.1333 8 1.00009
10.1333 10 1.00009
10.1333 12 1.00009
10.1333 14 1.00009
10.1333 16 1.0001
10.1333 18 1.0001
10.1333 20 1.0001
10.1333 22 1.0001
10.1333 24 1.0001
10.1333 26 1.0001
10.1333 28 1.0001
10.1333 30 1.0001
10.1333 32 1.0001
10.1333 34 1.00009
10.1333 36 1.00009
10.1333 38 1.00009
10.1333 40 1.00009
10.1333 42 1.00009
10.1333 44 1.00009
10.1333 46 1.00009
10.1333 48 1.00009
10.1333 50 1.00009
10.1333 52 1.00009
10.1333 54 1.00009
10.1333 56 1.00009
10.1333 58 1.00009
10.1333 60 1.00009
10.1333 62 1.00009
10.1333 64 1.00009
10.1333 66 1.00009
10.1333 68 1.00009
10.1333 70 1.00009
10.1333 72 1.00009
10.1333 74 1.00009
10.1333 76 1.00009
10.1333 78 1.00009
10.1333 80 1.00009
10.1333 82 1.00009
10.1333 84 1.00009
10.1333 86 1.00009
10.1333 88 1.00009
10.1333 90 1.00009
10.3111 0 1.0001
10.3111 2 1.0001
10.3111 4 1.0001
10.3111 6 1.0001
10.3111 8 1.0001
10.3111 10 1.0001
10.3111 12 1.0001
10.3111 14 1.0001
10.3111 16 1.0001
10.3111 18 1.0001
10.3111 20 1.0001
10.3111 22 1.0001
10.3111 24 1.0001
10.3111 26 1.0001
10.3111 28 1.0001
10.3111 30 1.0001
10.3111 32 1.0001
10.3111 34 1.0001
10.3111 36 1.0001
10.3111 38 1.0001
10.3111 40 1.0001
10.3111 42 1.0001
10.3111 44 1.0001
10.3111 46 1.0001
10.3111 48 1.0001
10.3111 50 1.00009
10.3111 52 1.00009
10.3111 54 1.00009
10.3111 56 1.00009
10.3111 58 1.00009
10.3111 60 1.00009
10.3111 62 1.00009
10.3111 64 1.00009
10.3111 66 1.00009
10.3111 68 1.00009
10.3111 70 1.00009
10.3111 72 1.00009
10.3111 74 1.00009
10.3111 76 1.00009
10.3111 78 1.00009
10.3111 80 1.00009
10.3111 82 1.00009
10.3111 84 1.00009
10.3111 86 1.00009
10.3111 88 1.00009
10.3111 90 1.00009
10.4889 0 1.0001
10.4889 2 1.0001
10.4889 4 1.0001
10.4889 6 1.0001
10.4889 8 1.0001
10.4889 10 1.0001
10.4889 12 1.0001
10.4889 14 1.0001
10.4889 16 1.0001
10.4889 18 1.0001
10.4889 20 1.0001
10.4889 22 1.0001
10.4889 24 1.0001
10.4889 26 1.0001
10.4889 28 1.0001
10.4889 30 1.0001
10.4889 32 1.0001
10.4889 34 1.0001
10.4889 36 1.0001
10.4889 38 1.0001
10.4889 40 1.0001
10.4889 42 1.0001
10.4889 44 1.0001
10.4889 46 1.0001
10.4889 48 1.0001
10.4889 50 1.0001
10.4889 52 1.0001
10.4889 54 1.0001
10.4889 56 1.0001
10.4889 58 1.0001
10.4889 60 1.0001
10.4889 62 1.0001
10.4889 64 1.0001
10.4889 66 1.0001
10.4889 68 1.0001
10.4889 70 1.0001
10.4889 72 1.0001
10.4889 74 1.0001
10.4889 76 1.0001
10.4889 78 1.0001
10.4889 80 1.0001
10.4889 82 1.0001
10.4889 84 1.0001
10.4889 86 1.0001
10.4889 88 1.0001
10.4889 90 1.0001
10.6667 0 1.0001
10.6667 2 1.0001
10.6667 4 1.0001
10.6667 6 1.0001
10.6667 8 1.0001
10.6667 10 1.0001
10.6667 12 1.0001
10.6667 14 1.0001
10.6667 16 1.0001
10.6667 18 1.0001
10.6667 20 1.0001
10.6667 22 1.0001
10.6667 24 1.0001
10.6667 26 1.0001
10.6667 28 1.0001
10.6667 30 1.0001
10.6667 32 1.0001
10.6667 34 1.0001
10.6667 36 1.0001
10.6667 38 1.0001
10.6667 40 1.0001
10.6667 42 1.0001
10.6667 44 1.0001
10.6667 46 1.0001
10.6667 48 1.0001
10.6667 50 1.0001
10.6667 52 1.0001
10.6667 54 1.0001
10.6667 56 1.0001
10.6667 58 1.0001
10.6667 60 1.0001
10.6667 62 1.0001
10.6667 64 1.0001
10.6667 66 1.0001
10.6667 68 1.0001
10.6667 70 1.0001
10.6667 72 1.0001
10.6667 74 1.0001
10.6667 76 1.0001
10.6667 78 1.0001
10.6667 80 1.0001
10.6667 82 1.0001
10.6667 84 1.0001
10.6667 86 1.0001
10.6667 88 1.0001
10.6667 90 1.0001
10.8444 0 1.0001
10.8444 2 1.0001
10.8444 4 1.0001
10.8444 6 1.0001
10.8444 8 1.0001
10.8444 10 1.0001
10.8444 12 1.0001
10.8444 14 1.0001
10.8444 16 1.0001
10.8444 18 1.0001
10.8444 20 1.0001
10.8444 22 1.0001
10.8444 24 1.0001
10.8444 26 1.0001
10.8444 28 1.0001
10.8444 30 1.0001
10.8444 32 1.0001
10.8444 34 1.0001
10.8444 36 1.0001
10.8444 38 1.0001
10.8444 40 1.0001
10.8444 42 1.0001
10.8444 44 1.0001
10.8444 46 1.0001
10.8444 48 1.0001
10.8444 50 1.0001
10.8444 52 1.0001
10.8444 54 1.0001
10.8444 56 1.0001
10.8444 58 1.0001
10.8444 60 1.0001
10.8444 62 1.0001
10.8444 64 1.0001
10.8444 66 1.0001
10.8444 68 1.0001
10.8444 70 1.0001
10.8444 72 1.0001
10.8444 74 1.0001
10.8444 76 1.0001
10.8444 78 1.0001
10.8444 80 1.0001
10.8444 82 1.0001
10.8444 84 1.0001
10.8444 86 1.0001
10.8444 88 1.0001
10.8444 90 1.0001
11.0222 0 1.0001
11.0222 2 1.0001
11.0222 4 1.0001
11.0222 6 1.0001
11.0222 8 1.0001
11.0222 10 1.0001
11.0222 12 1.0001
11.0222 14 1.0001
11.0222 16 1.0001
11.0222 18 1.0001
11.0222 20 1.0001
11.0222 22 1.0001
11.0222 24 1.0001
11.0222 26 1.0001
11.0222 28 1.0001
11.0222 30 1.0001
11.0222 32 1.0001
11.0222 34 1.0001
11.0222 36 1.0001
11.0222 38 1.0001
11.0222 40 1.0001
11.0222 42 1.0001
11.0222 44 1.0001
11.0222 46 1.0001
11.0222 48 1.0001
11.0222 50 1.0001
11.0222 52 1.0001
11.0222 54 1.0001
11.0222 56 1.0001
11.0222 58 1.0001
11.0222 60 1.0001
11.0222 62 1.0001
11.0222 64 1.0001
11.0222 66 1.0001
11.0222 68 1.0001
11.0222 70 1.0001
11.0222 72 1.0001
11.0222 74 1.0001
11.0222 76 1.0001
11.0222 78 1.0001
11.0222 80 1.0001
11.0222 82 1.0001
11.0222 84 1.0001
11.0222 86 1.0001
11.0222 88 1.0001
11.0222 90 1.0001
11.2 0 1.0001
11.2 2 1.0001
11.2 4 1.0001
11.2 6 1.0001
11.2 8 1.0001
11.2 10 1.0001
11.2 12 1.0001
11.2 14 1.0001
11.2 16 1.0001
11.2 18 1.0001
11.2 20 1.0001
11.2 22 1.0001
11.2 24 1.0001
11.2 26 1.0001
11.2 28 1.0001
11.2 30 1.0001
11.2 32 1.0001
11.2 34 1.0001
11.2 36 1.0001
11.2 38 1.0001
11.2 40 1.0001
11.2 42 1.0001
11.2 44 1.0001
11.2 46 1.0001
11.2 48 1.0001
11.2 50 1.0001
11.2 52 1.0001
11.2 54 1.0001
11.2 56 1.0001
11.2 58 1.0001
11.2 60 1.0001
11.2 62 1.0001
11.2 64 1.0001
11.2 66 1.0001
11.2 68 1.0001
11.2 70 1.0001
11.2 72 1.0001
11.2 74 1.0001
11.2 76 1.0001
11.2 78 1.0001
11.2 80 1.0001
11.2 82 1.0001
11.2 84 1.0001
11.2 86 1.0001
11.2 88 1.0001
11.2 90 1.0001
11.3778 0 1.0001
11.3778 2 1.0001
11.3778 4 1.0001
11.3778 6 1.0001
11.3778 8 1.0001
11.3778 10 1.0001
11.3778 12 1.0001
11.3778 14 1.0001
11.3778 16 1.0001
11.3778 18 1.0001
11.3778 20 1.0001
11.3778 22 1.0001
11.3778 24 1.0001
11.3778 26 1.0001
11.3778 28 1.0001
11.3778 30 1.0001
11.3778 32 1.0001
11.3778 34 1.0001
11.3778 36 1.0001
11.3778 38 1.0001
11.3778 40 1.0001
11.3778 42 1.0001
11.3778 44 1.0001
11.3778 46 1.0001
11.3778 48 1.0001
11.3778 50 1.0001
11.3778 52 1.0001
11.3778 54 1.0001
11.3778 56 1.0001
11.3778 58 1.0001
11.3778 60 1.0001
11.3778 62 1.0001
11.3778 64 1.0001
11.3778 66 1.0001
11.3778 68 1.0001
11.3778 70 1.0001
11.3778 72 1.0001
11.3778 74 1.0001
11.3778 76 1.0001
11.3778 78 1.0001
11.3778 80 1.0001
11.3778 82 1.0001
11.3778 84 1.0001
11.3778 86 1.0001
11.3778 88 1.0001
11.3778 90 1.0001
11.5556 0 1.0001
11.5556 2 1.0001
11.5556 4 1.0001
11.5556 6 1.0001
11.5556 8 1.0001
11.5556 10 1.0001
11.5556 12 1.0001
11.5556 14 1.0001
11.5556 16 1.0001
11.5556 18 1.0001
11.5556 20 1.0001
11.5556 22 1.0001
11.5556 24 1.0001
11.5556 26 1.0001
11.5556 28 1.0001
11.5556 30 1.0001
11.5556 32 1.0001
11.5556 34 1.0001
11.5556 36 1.0001
11.5556 38 1.0001
11.5556 40 1.0001
11.5556 42 1.0001
11.5556 44 1.0001
11.5556 46 1.0001
11.5556 48 1.0001
11.5556 50 1.0001
11.5556 52 1.0001
11.5556 54 1.0001
11.5556 56 1.0001
11.5556 58 1.0001
11.5556 60 1.0001
11.5556 62 1.0001
11.5556 64 1.0001
11.5556 66 1.0001
11.5556 68 1.0001
11.5556 70 1.0001
11.5556 72 1.0001
11.5556 74 1.0001
11.5556 76 1.0001
11.5556 78 1.0001
11.5556 80 1.0001
11.5556 82 1.0001
11.5556 84 1.0001
11.5556 86 1.0001
11.5556 88 1.0001
11.5556 90 1.0001
11.7333 0 1.0001
11.7333 2 1.0001
11.7333 4 1.0001
11.7333 6 1.0001
11.7333 8 1.0001
11.7333 10 1.0001
11.7333 12 1.0001
11.7333 14 1.0001
11.7333 16 1.0001
11.7333 18 1.0001
11.7333 20 1.0001
11.7333 22 1.0001
11.7333 24 1.0001
11.7333 26 1.0001
11.7333 28 1.0001
11.7333 30 1.0001
11.7333 32 1.0001
11.7333 34 1.0001
11.7333 36 1.0001
11.7333 38 1.0001
11.7333 40 1.0001
11.7333 42 1.0001
11.7333 44 1.0001
11.7333 46 1.0001
11.7333 48 1.0001
11.7333 50 1.0001
11.7333 52 1.0001
11.7333 54 1.0001
11.7333 56 1.0001
11.7333 58 1.0001
11.7333 60 1.0001
11.7333 62 1.0001
11.7333 64 1.0001
11.7333 66 1.0001
11.7333 68 1.0001
11.7333 70 1.0001
11.7333 72 1.0001
11.7333 74 1.0001
11.7333 76 1.0001
11.7333 78 1.0001
11.7333 80 1.0001
11.7333 82 1.0001
11.7333 84 1.0001
11.7333 86 1.0001
11.7333 88 1.0001
11.7333 90 1.0001
11.9111 0 1.0001
11.9111 2 1.0001
11.9111 4 1.0001
11.9111 6 1.0001
11.9111 8 1.0001
11.9111 10 1.0001
11.9111 12 1.0001
11.9111 14 1.0001
11.9111 16 1.0001
11.9111 18 1.0001
11.9111 20 1.0001
11.9111 22 1.0001
11.9111 24 1.0001
11.9111 26 1.0001
11.9111 28 1.0001
11.9111 30 1.0001
11.9111 32 1.0001
11.9111 34 1.0001
11.9111 36 1.0001
11.9111 38 1.0001
11.9111 40 1.0001
11.9111 42 1.0001
11.9111 44 1.0001
11.9111 46 1.0001
11.9111 48 1.0001
11.9111 50 1.0001
11.9111 52 1.0001
11.9111 54 1.0001
11.9111 56 1.0001
11.9111 58 1.0001
11.9111 60 1.0001
11.9111 62 1.0001
11.9111 64 1.0001
11.9111 66 1.0001
11.9111 68 1.0001
11.9111 70 1.0001
11.9111 72 1.0001
11.9111 74 1.0001
11.9111 76 1.0001
11.9111 78 1.0001
11.9111 80 1.0001
11.9111 82 1.0001
11.9111 84 1.0001
11.9111 86 1.0001
11.9111 88 1.0001
11.9111 90 1.0001
12.0889 0 1.0001
12.0889 2 1.0001
12.0889 4 1.0001
12.0889 6 1.0001
12.0889 8 1.0001
12.0889 10 1.0001
12.0889 12 1.0001
12.0889 14 1.0001
12.0889 16 1.0001
12.0889 18 1.0001
12.0889 20 1.0001
12.0889 22 1.0001
12.0889 24 1.0001
12.0889 26 1.0001
12.0889 28 1.0001
12.0889 30 1.0001
12.0889 32 1.0001
12.0889 34 1.0001
12.0889 36 1.0001
12.0889 38 1.0001
12.0889 40 1.0001
12.0889 42 1.0001
12.0889 44 1.0001
12.0889 46 1.0001
12.0889 48 1.0001
12.0889 50 1.0001
12.0889 52 1.0001
12.0889 54 1.0001
12.0889 56 1.0001
12.0889 58 1.0001
12.0889 60 1.0001
12.0889 62 1.0001
12.0889 64 1.0001
12.0889 66 1.0001
12.0889 68 1.0001
12.0889 70 1.0001
12.0889 72 1.0001
12.0889 74 1.0001
12.0889 76 1.0001
12.0889 78 1.0001
12.0889 80 1.0001
12.0889 82 1.0001
12.0889 84 1.0001
12.0889 86 1.0001
12.0889 88 1.0001
12.0889 90 1.0001
12.2667 0 1.0001
12.2667 2 1.0001
12.2667 4 1.0001
12.2667 6 1.0001
12.2667 8 1.0001
12.2667 10 1.0001
12.2667 12 1.0001
12.2667 14 1.0001
12.2667 16 1.0001
12.2667 18 1.0001
12.2667 20 1.0001
12.2667 22 1.0001
12.2667 24 1.0001
12.2667 26 1.0001
12.2667 28 1.0001
12.2667 30 1.0001
12.2667 32 1.0001
12.2667 34 1.0001
12.2667 36 1.0001
12.2667 38 1.0001
12.2667 40 1.0001
12.2667 42 1.0001
12.2667 44 1.0001
12.2667 46 1.0001
12.2667 48 1.0001
12.2667 50 1.0001
12.2667 52 1.0001
12.2667 54 1.0001
12.2667 56 1.0001
12.2667 58 1.0001
12.2667 60 1.0001
12.2667 62 1.0001
12.2667 64 1.0001
12.2667 66 1.0001
12.2667 68 1.0001
12.2667 70 1.0001
12.2667 72 1.0001
12.2667 74 1.0001
12.2667 76 1.0001
12.2667 78 1.0001
12.2667 80 1.0001
12.2667 82 1.0001
12.2667 84 1.0001
12.2667 86 1.0001
12.2667 88 1.0001
12.2667 90 1.0001
12.4444 0 1.0001
12.4444 2 1.0001
12.4444 4 1.0001
12.4444 6 1.0001
12.4444 8 1.0001
12.4444 10 1.0001
12.4444 12 1.0001
12.4444 14 1.0001
12.4444 16 1.0001
12.4444 18 1.0001
12.4444 20 1.0001
12.4444 22 1.0001
12.4444 24 1.0001
12.4444 26 1.0001
12.4444 28 1.0001
12.4444 30 1.0001
12.4444 32 1.0001
12.4444 34 1.0001
12.4444 36 1.0001
12.4444 38 1.0001
12.4444 40 1.0001
12.4444 42 1.0001
12.4444 44 1.0001
12.4444 46 1.0001
12.4444 48 1.0001
12.4444 50 1.0001
12.4444 52 1.0001
12.4444 54 1.0001
12.4444 56 1.0001
12.4444 58 1.0001
12.4444 60 1.0001
12.4444 62 1.0001
12.4444 64 1.0001
12.4444 66 1.0001
12.4444 68 1.0001
12.4444 70 1.0001
12.4444 72 1.0001
12.4444 74 1.0001
12.4444 76 1.0001
12.4444 78 1.0001
12.4444 80 1.0001
12.4444 82 1.0001
12.4444 84 1.0001
12.4444 86 1.0001
12.4444 88 1.0001
12.4444 90 1.0001
12.6222 0 1.0001
12.6222 2 1.0001
12.6222 4 1.0001
12.6222 6 1.0001
12.6222 8 1.0001
12.6222 10 1.0001
12.6222 12 1.0001
12.6222 14 1.0001
12.6222 16 1.0001
12.6222 18 1.0001
12.6222 20 1.0001
12.6222 22 1.0001
12.6222 24 1.0001
12.6222 26 1.0001
12.6222 28 1.0001
12.6222 30 1.0001
12.6222 32 1.0001
12.6222 34 1.0001
12.6222 36 1.0001
12.6222 38 1.0001
12.6222 40 1.0001
12.6222 42 1.0001
12.6222 44 1.0001
12.6222 46 1.0001
12.6222 48 1.0001
12.6222 50 1.0001
12.6222 52 1.0001
12.6222 54 1.0001
12.6222 56 1.0001
12.6222 58 1.0001
12.6222 60 1.0001
12.6222 62 1.0001
12.6222 64 1.0001
12.6222 66 1.0001
12.6222 68 1.0001
12.6222 70 1.0001
12.6222 72 1.0001
12.6222 74 1.0001
12.6222 76 1.0001
12.6222 78 1.0001
12.6222 80 1.0001
12.6222 82 1.0001
12.6222 84 1.0001
12.6222 86 1.0001
12.6222 88 1.0001
12.6222 90 1.0001
12.8 0 1.0001
12.8 2 1.0001
12.8 4 1.0001
12.8 6 1.0001
12.8 8 1.0001
12.8 10 1.0001
12.8 12 1.0001
12.8 14 1.0001
12.8 16 1.0001
12.8 18 1.0001
12.8 20 1.0001
12.8 22 1.0001
12.8 24 1.0001
12.8 26 1.0001
12.8 28 1.0001
12.8 30 1.0001
12.8 32 1.0001
12.8 34 1.0001
12.8 36 1.0001
12.8 38 1.0001
12.8 40 1.0001
12.8 42 1.0001
12.8 44 1.0001
12.8 46 1.0001
12.8 48 1.0001
12.8 50 1.0001
12.8 52 1.0001
12.8 54 1.0001
12.8 56 1.0001
12.8 58 1.0001
12.8 60 1.0001
12.8 62 1.0001
12.8 64 1.0001
12.8 66 1.0001
12.8 68 1.0001
12.8 70 1.0001
12.8 72 1.0001
12.8 74 1.0001
12.8 76 1.0001
12.8 78 1.0001
12.8 80 1.0001
12.8 82 1.0001
12.8 84 1.0001
12.8 86 1.0001
12.8 88 1.0001
12.8 90 1.0001
12.9778 0 1.0001
12.9778 2 1.0001
12.9778 4 1.0001
12.9778 6 1.0001
12.9778 8 1.0001
12.9778 10 1.0001
12.9778 12 1.0001
12.9778 14 1.0001
12.9778 16 1.0001
12.9778 18 1.0001
12.9778 20 1.0001
12.9778 22 1.0001
12.9778 24 1.0001
12.9778 26 1.0001
12.9778 28 1.0001
12.9778 30 1.0001
12.9778 32 1.0001
12.9778 34 1.0001
12.9778 36 1.0001
12.9778 38 1.0001
12.9778 40 1.0001
12.9778 42 1.0001
12.9778 44 1.0001
12.9778 46 1.0001
12.9778 48 1.0001
12.9778 50 1.0001
12.9778 52 1.0001
12.9778 54 1.0001
12.9778 56 1.0001
12.9778 58 1.0001
12.9778 60 1.0001
12.9778 62 1.0001
12.9778 64 1.0001
12.9778 66 1.0001
12.9778 68 1.0001
12.9778 70 1.0001
12.9778 72 1.0001
12.9778 74 1.0001
12.9778 76 1.0001
12.9778 78 1.0001
12.9778 80 1.0001
12.9778 82 1.0001
12.9778 84 1.0001
12.9778 86 1.0001
12.9778 88 1.0001
12.9778 90 1.0001
13.1556 0 1.0001
13.1556 2 1.0001
13.1556 4 1.0001
13.1556 6 1.0001
13.1556 8 1.0001
13.1556 10 1.0001
13.1556 12 1.0001
13.1556 14 1.0001
13.1556 16 1.0001
13.1556 18 1.0001
13.1556 20 1.0001
13.1556 22 1.0001
13.1556 24 1.0001
13.1556 26 1.0001
13.1556 28 1.0001
13.1556 30 1.0001
13.1556 32 1.0001
13.1556 34 1.0001
13.1556 36 1.0001
13.1556 38 1.0001
13.1556 40 1.0001
13.1556 42 1.0001
13.1556 44 1.0001
13.1556 46 1.0001
13.1556 48 1.0001
13.1556 50 1.0001
13.1556 52 1.0001
13.1556 54 1.0001
13.1556 56 1.0001
13.1556 58 1.0001
13.1556 60 1.0001
13.1556 62 1.0001
13.1556 64 1.0001
13.1556 66 1.0001
13.1556 68 1.0001
13.1556 70 1.0001
13.1556 72 1.0001
13.1556 74 1.0001
13.1556 76 1.0001
13.1556 78 1.0001
13.1556 80 1.0001
13.1556 82 1.0001
13.1556 84 1.0001
13.1556 86 1.0001
13.1556 88 1.0001
13.1556 90 1.0001
13.3333 0 1.0001
13.3333 2 1.0001
13.3333 4 1.0001
13.3333 6 1.0001
13.3333 8 1.0001
13.3333 10 1.0001
13.3333 12 1.0001
13.3333 14 1.0001
13.3333 16 1.0001
13.3333 18 1.0001
13.3333 20 1.0001
13.3333 22 1.0001
13.3333 24 1.0001
13.3333 26 1.0001
13.3333 28 1.0001
13.3333 30 1.0001
13.3333 32 1.0001
13.3333 34 1.0001
13.3333 36 1.0001
13.3333 38 1.0001
13.3333 40 1.0001
13.3333 42 1.0001
13.3333 44 1.0001
13.3333 46 1.0001
13.3333 48 1.0001
13.3333 50 1.0001
13.3333 52 1.0001
13.3333 54 1.0001
13.3333 56 1.0001
13.3333 58 1.0001
13.3333 60 1.0001
13.3333 62 1.0001
13.3333 64 1.0001
13.3333 66 1.0001
13.3333 68 1.0001
13.3333 70 1.0001
13.3333 72 1.0001
13.3333 74 1.0001
13.3333 76 1.0001
13.3333 78 1.0001
13.3333 80 1.0001
13.3333 82 1.0001
13.3333 84 1.0001
13.3333 86 1.0001
13.3333 88 1.0001
13.3333 90 1.0001
13.5111 0 1.0001
13.5111 2 1.0001
13.5111 4 1.0001
13.5111 6 1.0001
13.5111 8 1.0001
13.5111 10 1.0001
13.5111 12 1.0001
13.5111 14 1.0001
13.5111 16 1.0001
13.5111 18 1.0001
13.5111 20 1.0001
13.5111 22 1.0001
13.5111 24 1.0001
13.5111 26 1.0001
13.5111 28 1.0001
13.5111 30 1.0001
13.5111 32 1.0001
13.5111 34 1.0001
13.5111 36 1.0001
13.5111 38 1.0001
13.5111 40 1.0001
13.5111 42 1.0001
13.5111 44 1.0001
13.5111 46 1.0001
13.5111 48 1.0001
13.5111 50 1.0001
13.5111 52 1.0001
13.5111 54 1.0001
13.5111 56 1.0001
13.5111 58 1.0001
13.5111 60 1.0001
13.5111 62 1.0001
13.5111 64 1.0001
13.5111 66 1.0001
13.5111 68 1.0001
13.5111 70 1.0001
13.5111 72 1.0001
13.5111 74 1.0001
13.5111 76 1.0001
13.5111 78 1.0001
13.5111 80 1.0001
13.5111 82 1.0001
13.5111 84 1.0001
13.5111 86 1.0001
13.5111 88 1.0001
13.5111 90 1.0001
13.6889 0 1.0001
13.6889 2 1.0001
13.6889 4 1.0001
13.6889 6 1.0001
13.6889 8 1.0001
13.6889 10 1.0001
13.6889 12 1.0001
13.6889 14 1.0001
13.6889 16 1.0001
13.6889 18 1.0001
13.6889 20 1.0001
13.6889 22 1.0001
13.6889 24 1.0001
13.6889 26 1.0001
13.6889 28 1.0001
13.6889 30 1.0001
13.6889 32 1.0001
13.6889 34 1.0001
13.6889 36 1.0001
13.6889 38 1.0001
13.6889 40 1.0001
13.6889 42 1.0001
13.6889 44 1.0001
13.6889 46 1.0001
13.6889 48 1.0001
13.6889 50 1.0001
13.6889 52 1.0001
13.6889 54 1.0001
13.6889 56 1.0001
13.6889 58 1.0001
13.6889 60 1.0001
13.6889 62 1.0001
13.6889 64 1.0001
13.6889 66 1.0001
13.6889 68 1.0001
13.6889 70 1.0001
13.6889 72 1.0001
13.6889 74 1.0001
13.6889 76 1.0001
13.6889 78 1.0001
13.6889 80 1.0001
13.6889 82 1.0001
13.6889 84 1.0001
13.6889 86 1.0001
13.6889 88 1.0001
13.6889 90 1.0001
13.8667 0 1.0001
13.8667 2 1.0001
13.8667 4 1.0001
13.8667 6 1.0001
13.8667 8 1.0001
13.8667 10 1.0001
13.8667 12 1.0001
13.8667 14 1.0001
13.8667 16 1.0001
13.8667 18 1.0001
13.8667 20 1.0001
13.8667 22 1.0001
13.8667 24 1.0001
13.8667 26 1.0001
13.8667 28 1.0001
13.8667 30 1.0001
13.8667 32 1.0001
13.8667 34 1.0001
13.8667 36 1.0001
13.8667 38 1.0001
13.8667 40 1.0001
13.8667 42 1.0001
13.8667 44 1.0001
13.8667 46 1.0001
13.8667 48 1.0001
13.8667 50 1.0001
13.8667 52 1.0001
13.8667 54 1.0001
13.8667 56 1.0001
13.8667 58 1.0001
13.8667 60 1.0001
13.8667 62 1.0001
13.8667 64 1.0001
13.8667 66 1.0001
13.8667 68 1.0001
13.8667 70 1.0001
13.8667 72 1.0001
13.8667 74 1.0001
13.8667 76 1.0001
13.8667 78 1.0001
13.8667 80 1.0001
13.8667 82 1.0001
13.8667 84 1.0001
13.8667 86 1.0001
13.8667 88 1.0001
13.8667 90 1.0001
14.0444 0 1.0001
14.0444 2 1.0001
14.0444 4 1.0001
14.0444 6 1.0001
14.0444 8 1.0001
14.0444 10 1.0001
14.0444 12 1.0001
14.0444 14 1.0001
14.0444 16 1.0001
14.0444 18 1.0001
14.0444 20 1.0001
14.0444 22 1.0001
14.0444 24 1.0001
14.0444 26 1.0001
14.0444 28 1.0001
14.0444 30 1.0001
14.0444 32 1.0001
14.0444 34 1.0001
14.0444 36 1.0001
14.0444 38 1.0001
14.0444 40 1.0001
14.0444 42 1.0001
14.0444 44 1.0001
14.0444 46 1.0001
14.0444 48 1.0001
14.0444 50 1.0001
14.0444 52 1.0001
14.0444 54 1.0001
14.0444 56 1.0001
14.0444 58 1.0001
14.0444 60 1.0001
14.0444 62 1.0001
14.0444 64 1.0001
14.0444 66 1.0001
14.0444 68 1.0001
14.0444 70 1.0001
14.0444 72 1.0001
14.0444 74 1.0001
14.0444 76 1.0001
14.0444 78 1.0001
14.0444 80 1.0001
14.0444 82 1.0001
14.0444 84 1.0001
14.0444 86 1.0001
14.0444 88 1.0001
14.0444 90 1.0001
14.2222 0 1.0001
14.2222 2 1.0001
14.2222 4 1.0001
14.2222 6 1.0001
14.2222 8 1.0001
14.2222 10 1.0001
14.2222 12 1.0001
14.2222 14 1.0001
14.2222 16 1.0001
14.2222 18 1.0001
14.2222 20 1.0001
14.2222 22 1.0001
14.2222 24 1.0001
14.2222 26 1.0001
14.2222 28 1.0001
14.2222 30 1.0001
14.2222 32 1.0001
14.2222 34 1.0001
14.2222 36 1.0001
14.2222 38 1.0001
14.2222 40 1.0001
14.2222 42 1.0001
14.2222 44 1.0001
14.2222 46 1.0001
14.2222 48 1.0001
14.2222 50 1.0001
14.2222 52 1.0001
14.2222 54 1.0001
14.2222 56 1.0001
14.2222 58 1.0001
14.2222 60 1.0001
14.2222 62 1.0001
14.2222 64 1.0001
14.2222 66 1.0001
14.2222 68 1.0001
14.2222 70 1.0001
14.2222 72 1.0001
14.2222 74 1.0001
14.2222 76 1.0001
14.2222 78 1.0001
14.2222 80 1.0001
14.2222 82 1.0001
14.2222 84 1.0001
14.2222 86 1.0001
14.2222 88 1.0001
14.2222 90 1.0001
14.4 0 1.0001
14.4 2 1.0001
14.4 4 1.0001
14.4 6 1.0001
14.4 8 1.0001
14.4 10 1.0001
14.4 12 1.0001
14.4 14 1.0001
14.4 16 1.0001
14.4 18 1.0001
14.4 20 1.0001
14.4 22 1.0001
14.4 24 1.0001
14.4 26 1.0001
14.4 28 1.0001
14.4 30 1.0001
14.4 32 1.0001
14.4 34 1.0001
14.4 36 1.0001
14.4 38 1.0001
14.4 40 1.0001
14.4 42 1.0001
14.4 44 1.0001
14.4 46 1.0001
14.4 48 1.0001
14.4 50 1.0001
14.4 52 1.0001
14.4 54 1.0001
14.4 56 1.0001
14.4 58 1.0001
14.4 60 1.0001
14.4 62 1.0001
14.4 64 1.0001
14.4 66 1.0001
14.4 68 1.0001
14.4 70 1.0001
14.4 72 1.0001
14.4 74 1.0001
14.4 76 1.0001
14.4 78 1.0001
14.4 80 1.0001
14.4 82 1.0001
14.4 84 1.0001
14.4 86 1.0001
14.4 88 1.0001
14.4 90 1.0001
14.5778 0 1.0001
14.5778 2 1.0001
14.5778 4 1.0001
14.5778 6 1.0001
14.5778 8 1.0001
14.5778 10 1.0001
14.5778 12 1.0001
14.5778 14 1.0001
14.5778 16 1.0001
14.5778 18 1.0001
14.5778 20 1.0001
14.5778 22 1.0001
14.5778 24 1.0001
14.5778 26 1.0001
14.5778 28 1.0001
14.5778 30 1.0001
14.5778 32 1.0001
14.5778 34 1.0001
14.5778 36 1.0001
14.5778 38 1.0001
14.5778 40 1.0001
14.5778 42 1.0001
14.5778 44 1.0001
14.5778 46 1.0001
14.5778 48 1.0001
14.5778 50 1.0001
14.5778 52 1.0001
14.5778 54 1.0001
14.5778 56 1.0001
14.5778 58 1.0001
14.5778 60 1.0001
14.5778 62 1.0001
14.5778 64 1.0001
14.5778 66 1.0001
14.5778 68 1.0001
14.5778 70 1.0001
14.5778 72 1.0001
14.5778 74 1.0001
14.5778 76 1.0001
14.5778 78 1.0001
14.5778 80 1.0001
14.5778 82 1.0001
14.5778 84 1.0001
14.5778 86 1.0001
14.5778 88 1.0001
14.5778 90 1.0001
14.7556 0 1.0001
14.7556 2 1.0001
14.7556 4 1.0001
14.7556 6 1.0001
14.7556 8 1.0001
14.7556 10 1.0001
14.7556 12 1.0001
14.7556 14 1.0001
14.7556 16 1.0001
14.7556 18 1.0001
14.7556 20 1.0001
14.7556 22 1.0001
14.7556 24 1.0001
14.7556 26 1.0001
14.7556 28 1.0001
14.7556 30 1.0001
14.7556 32 1.0001
14.7556 34 1.0001
14.7556 36 1.0001
14.7556 38 1.0001
14.7556 40 1.0001
14.7556 42 1.0001
14.7556 44 1.0001
14.7556 46 1.0001
14.7556 48 1.0001
14.7556 50 1.0001
14.7556 52 1.0001
14.7556 54 1.0001
14.7556 56 1.0001
14.7556 58 1.0001
14.7556 60 1.0001
14.7556 62 1.0001
14.7556 64 1.0001
14.7556 66 1.0001
14.7556 68 1.0001
14.7556 70 1.0001
14.7556 72 1.0001
14.7556 74 1.0001
14.7556 76 1.0001
14.7556 78 1.0001
14.7556 80 1.0001
14.7556 82 1.0001
14.7556 84 1.0001
14.7556 86 1.0001
14.7556 88 1.0001
14.7556 90 1.0001
14.9333 0 1.0001
14.9333 2 1.0001
14.9333 4 1.0001
14.9333 6 1.0001
14.9333 8 1.0001
14.9333 10 1.0001
14.9333 12 1.0001
14.9333 14 1.0001
14.9333 16 1.0001
14.9333 18 1.0001
14.9333 20 1.0001
14.9333 22 1.0001
14.9333 24 1.0001
14.9333 26 1.0001
14.9333 28 1.0001
14.9333 30 1.0001
14.9333 32 1.0001
14.9333 34 1.0001
14.9333 36 1.0001
14.9333 38 1.0001
14.9333 40 1.0001
14.9333 42 1.0001
14.9333 44 1.0001
14.9333 46 1.0001
14.9333 48 1.0001
14.9333 50 1.0001
14.9333 52 1.0001
14.9333 54 1.0001
14.9333 56 1.0001
14.9333 58 1.0001
14.9333 60 1.0001
14.9333 62 1.0001
14.9333 64 1.0001
14.9333 66 1.0001
14.9333 68 1.0001
14.9333 70 1.0001
14.9333 72 1.0001
14.9333 74 1.0001
14.9333 76 1.0001
14.9333 78 1.0001
14.9333 80 1.0001
14.9333 82 1.0001
14.9333 84 1.0001
14.9333 86 1.0001
14.9333 88 1.0001
14.9333 90 1.0001
15.1111 0 1.0001
15.1111 2 1.0001
15.1111 4 1.0001
15.1111 6 1.0001
15.1111 8 1.0001
15.1111 10 1.0001
15.1111 12 1.0001
15.1111 14 1.0001
15.1111 16 1.0001
15.1111 18 1.0001
15.1111 20 1.0001
15.1111 22 1.0001
15.1111 24 1.0001
15.1111 26 1.0001
15.1111 28 1.0001
15.1111 30 1.0001
15.1111 32 1.0001
15.1111 34 1.0001
15.1111 36 1.0001
15.1111 38 1.0001
15.1111 40 1.0001
15.1111 42 1.0001
15.1111 44 1.0001
15.1111 46 1.0001
15.1111 48 1.0001
15.1111 50 1.0001
15.1111 52 1.0001
15.1111 54 1.0001
15.1111 56 1.0001
15.1111 58 1.0001
15.1111 60 1.0001
15.1111 62 1.0001
15.1111 64 1.0001
15.1111 66 1.0001
15.1111 68 1.0001
15.1111 70 1.0001
15.1111 72 1.0001
15.1111 74 1.0001
15.1111 76 1.0001
15.1111 78 1.0001
15.1111 80 1.0001
15.1111 82 1.0001
15.1111 84 1.0001
15.1111 86 1.0001
15.1111 88 1.0001
15.1111 90 1.0001
15.2889 0 1.0001
15.2889 2 1.0001
15.2889 4 1.0001
15.2889 6 1.0001
15.2889 8 1.0001
15.2889 10 1.0001
15.2889 12 1.0001
15.2889 14 1.0001
15.2889 16 1.0001
15.2889 18 1.0001
15.2889 20 1.0001
15.2889 22 1.0001
15.2889 24 1.0001
15.2889 26 1.0001
15.2889 28 1.0001
15.2889 30 1.0001
15.2889 32 1.0001
15.2889 34 1.0001
15.2889 36 1.0001
15.2889 38 1.0001
15.2889 40 1.0001
15.2889 42 1.0001
15.2889 44 1.0001
15.2889 46 1.0001
15.2889 48 1.0001
15.2889 50 1.0001
15.2889 52 1.0001
15.2889 54 1.0001
15.2889 56 1.0001
15.2889 58 1.0001
15.2889 60 1.0001
15.2889 62 1.0001
15.2889 64 1.0001
15.2889 66 1.0001
15.2889 68 1.0001
15.2889 70 1.0001
15.2889 72 1.0001
15.2889 74 1.0001
15.2889 76 1.0001
15.2889 78 1.0001
15.2889 80 1.0001
15.2889 82 1.0001
15.2889 84 1.0001
15.2889 86 1.0001
15.2889 88 1.0001
15.2889 90 1.0001
15.4667 0 1.0001
15.4667 2 1.0001
15.4667 4 1.0001
15.4667 6 1.0001
15.4667 8 1.0001
15.4667 10 1.0001
15.4667 12 1.0001
15.4667 14 1.0001
15.4667 16 1.0001
15.4667 18 1.0001
15.4667 20 1.0001
15.4667 22 1.0001
15.4667 24 1.0001
15.4667 26 1.0001
15.4667 28 1.0001
15.4667 30 1.0001
15.4667 32 1.0001
15.4667 34 1.0001
15.4667 36 1.0001
15.4667 38 1.0001
15.4667 40 1.0001
15.4667 42 1.0001
15.4667 44 1.0001
15.4667 46 1.0001
15.4667 48 1.0001
15.4667 50 1.0001
15.4667 52 1.0001
15.4667 54 1.0001
15.4667 56 1.0001
15.4667 58 1.0001
15.4667 60 1.0001
15.4667 62 1.0001
15.4667 64 1.0001
15.4667 66 1.0001
15.4667 68 1.0001
15.4667 70 1.0001
15.4667 72 1.0001
15.4667 74 1.0001
15.4667 76 1.0001
15.4667 78 1.0001
15.4667 80 1.0001
15.4667 82 1.0001
15.4667 84 1.0001
15.4667 86 1.0001
15.4667 88 1.0001
15.4667 90 1.0001
15.6444 0 1.0001
15.6444 2 1.0001
15.6444 4 1.0001
15.6444 6 1.0001
15.6444 8 1.0001
15.6444 10 1.0001
15.6444 12 1.0001
15.6444 14 1.0001
15.6444 16 1.0001
15.6444 18 1.0001
15.6444 20 1.0001
15.6444 22 1.0001
15.6444 24 1.0001
15.6444 26 1.0001
15.6444 28 1.0001
15.6444 30 1.0001
15.6444 32 1.0001
15.6444 34 1.0001
15.6444 36 1.0001
15.6444 38 1.0001
15.6444 40 1.0001
15.6444 42 1.0001
15.6444 44 1.0001
15.6444 46 1.0001
15.6444 48 1.0001
15.6444 50 1.0001
15.6444 52 1.0001
15.6444 54 1.0001
15.6444 56 1.0001
15.6444 58 1.0001
15.6444 60 1.0001
15.6444 62 1.0001
15.6444 64 1.0001
15.6444 66 1.0001
15.6444 68 1.0001
15.6444 70 1.0001
15.6444 72 1.0001
15.6444 74 1.0001
15.6444 76 1.0001
15.6444 78 1.0001
15.6444 80 1.0001
15.6444 82 1.0001
15.6444 84 1.0001
15.6444 86 1.0001
15.6444 88 1.0001
15.6444 90 1.0001
15.8222 0 1.0001
15.8222 2 1.0001
15.8222 4 1.0001
15.8222 6 1.0001
15.8222 8 1.0001
15.8222 10 1.0001
15.8222 12 1.0001
15.8222 14 1.0001
15.8222 16 1.0001
15.8222 18 1.0001
15.8222 20 1.0001
15.8222 22 1.0001
15.8222 24 1.0001
15.8222 26 1.0001
15.8222 28 1.0001
15.8222 30 1.0001
15.8222 32 1.0001
15.8222 34 1.0001
15.8222 36 1.0001
15.8222 38 1.0001
15.8222 40 1.0001
15.8222 42 1.0001
15.8222 44 1.0001
15.8222 46 1.0001
15.8222 48 1.0001
15.8222 50 1.0001
15.8222 52 1.0001
15.8222 54 1.0001
15.8222 56 1.0001
15.8222 58 1.0001
15.8222 60 1.0001
15.8222 62 1.0001
15.8222 64 1.0001
15.8222 66 1.0001
15.8222 68 1.0001
15.8222 70 1.0001
15.8222 72 1.0001
15.8222 74 1.0001
15.8222 76 1.0001
15.8222 78 1.0001
15.8222 80 1.0001
15.8222 82 1.0001
15.8222 84 1.0001
15.8222 86 1.0001
15.8222 88 1.0001
15.8222 90 1.0001
16 0 1.0001
16 2 1.0001
16 4 1.0001
16 6 1.0001
16 8 1.0001
16 10 1.0001
16 12 1.0001
16 14 1.0001
16 16 1.0001
16 18 1.0001
16 20 1.0001
16 22 1.0001
16 24 1.0001
16 26 1.0001
16 28 1.0001
16 30 1.0001
16 32 1.0001
16 34 1.0001
16 36 1.0001
16 38 1.0001
16 40 1.0001
16 42 1.0001
16 44 1.0001
16 46 1.0001
16 48 1.0001
16 50 1.0001
16 52 1.0001
16 54 1.0001
16 56 1.0001
16 58 1.0001
16 60 1.0001
16 62 1.0001
16 64 1.0001
16 66 1.0001
16 68 1.0001
16 70 1.0001
16 72 1.0001
16 74 1.0001
16 76 1.0001
16 78 1.0001
16 80 1.0001
16 82 1.0001
16 84 1.0001
16 86 1.0001
16 88 1.0001
16 90 1.0001
