0.4 5
0 0 1.16359
0 5 1.16359
0 10 1.16359
0 15 1.16359
0 20 1.16359
0 25 1.16359
0 30 1.16359
0 35 1.16359
0 40 1.16359
0 45 1.16359
0 50 1.16359
0 55 1.16359
0 60 1.16359
0 65 1.16359
0 70 1.16359
0 75 1.16359
0 80 1.16359
0 85 1.16359
0 90 1.16359
0.4 0 1.14952
0.4 5 1.14952
0.4 10 1.14953
0.4 15 1.14953
0.4 20 1.14953
0.4 25 1.14954
0.4 30 1.14954
0.4 35 1.14954
0.4 40 1.14955
0.4 45 1.14955
0.4 50 1.14956
0.4 55 1.14956
0.4 60 1.14957
0.4 65 1.14957
0.4 70 1.14958
0.4 75 1.14958
0.4 80 1.14958
0.4 85 1.14958
0.4 90 1.14958
0.8 0 1.1135
0.8 5 1.1135
0.8 10 1.1135
0.8 15 1.11351
0.8 20 1.11352
0.8 25 1.11354
0.8 30 1.11355
0.8 35 1.11357
0.8 40 1.11358
0.8 45 1.1136
0.8 50 1.11361
0.8 55 1.11362
0.8 60 1.11364
0.8 65 1.11364
0.8 70 1.11365
0.8 75 1.11366
0.8 80 1.11366
0.8 85 1.11367
0.8 90 1.11367
1.2 0 1.06919
1.2 5 1.0692
1.2 10 1.06921
1.2 15 1.06922
1.2 20 1.06925
1.2 25 1.06927
1.2 30 1.06929
1.2 35 1.06932
1.2 40 1.06934
1.2 45 1.06936
1.2 50 1.06938
1.2 55 1.0694
1.2 60 1.06941
1.2 65 1.06942
1.2 70 1.06943
1.2 75 1.06944
1.2 80 1.06944
1.2 85 1.06945
1.2 90 1.06945
1.6 0 1.02894
1.6 5 1.02894
1.6 10 1.02896
1.6 15 1.02898
1.6 20 1.02901
1.6 25 1.02904
1.6 30 1.02907
1.6 35 1.02909
1.6 40 1.02912
1.6 45 1.02914
1.6 50 1.02916
1.6 55 1.02917
1.6 60 1.02919
1.6 65 1.02921
1.6 70 1.02922
1.6 75 1.02924
1.6 80 1.02925
1.6 85 1.02926
1.6 90 1.02926
2 0 0.998966
2 5 0.998972
2 10 0.998989
2 15 0.999013
2 20 0.999041
2 25 0.999069
2 30 0.999094
2 35 0.999116
2 40 0.999136
2 45 0.999156
2 50 0.999179
2 55 0.999206
2 60 0.99924
2 65 0.999277
2 70 0.999317
2 75 0.999354
2 80 0.999385
2 85 0.999405
2 90 0.999412
2.4 0 0.97988
2.4 5 0.979885
2.4 10 0.979901
2.4 15 0.979922
2.4 20 0.979945
2.4 25 0.979966
2.4 30 0.979985
2.4 35 0.980001
2.4 40 0.98002
2.4 45 0.980045
2.4 50 0.98008
2.4 55 0.980127
2.4 60 0.980185
2.4 65 0.980251
2.4 70 0.980318
2.4 75 0.980381
2.4 80 0.980431
2.4 85 0.980464
2.4 90 0.980475
2.8 0 0.969258
2.8 5 0.969263
2.8 10 0.969275
2.8 15 0.969291
2.8 20 0.969307
2.8 25 0.969321
2.8 30 0.969333
2.8 35 0.969346
2.8 40 0.969366
2.8 45 0.969398
2.8 50 0.969444
2.8 55 0.969504
2.8 60 0.969577
2.8 65 0.969655
2.8 70 0.969732
2.8 75 0.969802
2.8 80 0.969856
2.8 85 0.969891
2.8 90 0.969903
3.2 0 0.964012
3.2 5 0.964016
3.2 10 0.964024
3.2 15 0.964034
3.2 20 0.964044
3.2 25 0.964051
3.2 30 0.964059
3.2 35 0.964071
3.2 40 0.964092
3.2 45 0.964125
3.2 50 0.964172
3.2 55 0.96423
3.2 60 0.964295
3.2 65 0.964363
3.2 70 0.964426
3.2 75 0.964482
3.2 80 0.964524
3.2 85 0.964551
3.2 90 0.96456
3.6 0 0.961673
3.6 5 0.961675
3.6 10 0.96168
3.6 15 0.961686
3.6 20 0.961691
3.6 25 0.961695
3.6 30 0.961701
3.6 35 0.961712
3.6 40 0.96173
3.6 45 0.961758
3.6 50 0.961795
3.6 55 0.961838
3.6 60 0.961883
3.6 65 0.961928
3.6 70 0.961969
3.6 75 0.962003
3.6 80 0.962029
3.6 85 0.962045
3.6 90 0.962051
4 0 0.960711
4 5 0.960712
4 10 0.960715
4 15 0.960719
4 20 0.960721
4 25 0.960723
4 30 0.960727
4 35 0.960736
4 40 0.96075
4 45 0.960769
4 50 0.960792
4 55 0.960818
4 60 0.960845
4 65 0.960869
4 70 0.960891
4 75 0.960909
4 80 0.960922
4 85 0.96093
4 90 0.960933
4.4 0 0.960338
4.4 5 0.960339
4.4 10 0.96034
4.4 15 0.960342
4.4 20 0.960343
4.4 25 0.960344
4.4 30 0.960347
4.4 35 0.960353
4.4 40 0.960362
4.4 45 0.960373
4.4 50 0.960386
4.4 55 0.9604
4.4 60 0.960413
4.4 65 0.960425
4.4 70 0.960435
4.4 75 0.960443
4.4 80 0.960449
4.4 85 0.960453
4.4 90 0.960454
4.8 0 0.960198
4.8 5 0.960198
4.8 10 0.960199
4.8 15 0.9602
4.8 20 0.9602
4.8 25 0.960201
4.8 30 0.960203
4.8 35 0.960206
4.8 40 0.960211
4.8 45 0.960217
4.8 50 0.960224
4.8 55 0.96023
4.8 60 0.960236
4.8 65 0.960241
4.8 70 0.960246
4.8 75 0.960249
4.8 80 0.960252
4.8 85 0.960254
4.8 90 0.960254
5.2 0 0.960146
5.2 5 0.960146
5.2 10 0.960146
5.2 15 0.960147
5.2 20 0.960147
5.2 25 0.960148
5.2 30 0.960149
5.2 35 0.960151
5.2 40 0.960153
5.2 45 0.960156
5.2 50 0.960159
5.2 55 0.960162
5.2 60 0.960164
5.2 65 0.960167
5.2 70 0.960169
5.2 75 0.96017
5.2 80 0.960171
5.2 85 0.960172
5.2 90 0.960172
5.6 0 0.960127
5.6 5 0.960127
5.6 10 0.960127
5.6 15 0.960127
5.6 20 0.960127
5.6 25 0.960128
5.6 30 0.960128
5.6 35 0.960129
5.6 40 0.96013
5.6 45 0.960132
5.6 50 0.960133
5.6 55 0.960134
5.6 60 0.960135
5.6 65 0.960136
5.6 70 0.960137
5.6 75 0.960138
5.6 80 0.960138
5.6 85 0.960138
5.6 90 0.960138
6 0 0.96012
6 5 0.96012
6 10 0.96012
6 15 0.96012
6 20 0.96012
6 25 0.96012
6 30 0.96012
6 35 0.960121
6 40 0.960121
6 45 0.960122
6 50 0.960123
6 55 0.960123
6 60 0.960123
6 65 0.960124
6 70 0.960124
6 75 0.960124
6 80 0.960125
6 85 0.960125
6 90 0.960125
6.4 0 0.960117
6.4 5 0.960117
6.4 10 0.960117
6.4 15 0.960117
6.4 20 0.960117
6.4 25 0.960117
6.4 30 0.960117
6.4 35 0.960117
6.4 40 0.960118
6.4 45 0.960118
6.4 50 0.960118
6.4 55 0.960118
6.4 60 0.960119
6.4 65 0.960119
6.4 70 0.960119
6.4 75 0.960119
6.4 80 0.960119
6.4 85 0.960119
6.4 90 0.960119
6.8 0 0.960116
6.8 5 0.960116
6.8 10 0.960116
6.8 15 0.960116
6.8 20 0.960116
6.8 25 0.960116
6.8 30 0.960116
6.8 35 0.960116
6.8 40 0.960116
6.8 45 0.960116
6.8 50 0.960116
6.8 55 0.960117
6.8 60 0.960117
6.8 65 0.960117
6.8 70 0.960117
6.8 75 0.960117
6.8 80 0.960117
6.8 85 0.960117
6.8 90 0.960117
7.2 0 0.960115
7.2 5 0.960115
7.2 10 0.960115
7.2 15 0.960115
7.2 20 0.960115
7.2 25 0.960116
7.2 30 0.960116
7.2 35 0.960116
7.2 40 0.960116
7.2 45 0.960116
7.2 50 0.960116
7.2 55 0.960116
7.2 60 0.960116
7.2 65 0.960116
7.2 70 0.960116
7.2 75 0.960116
7.2 80 0.960116
7.2 85 0.960116
7.2 90 0.960116
7.6 0 0.960115
7.6 5 0.960115
7.6 10 0.960115
7.6 15 0.960115
7.6 20 0.960115
7.6 25 0.960115
7.6 30 0.960115
7.6 35 0.960115
7.6 40 0.960115
7.6 45 0.960115
7.6 50 0.960115
7.6 55 0.960115
7.6 60 0.960115
7.6 65 0.960115
7.6 70 0.960115
7.6 75 0.960115
7.6 80 0.960115
7.6 85 0.960115
7.6 90 0.960115
8 0 0.960115
8 5 0.960115
8 10 0.960115
8 15 0.960115
8 20 0.960115
8 25 0.960115
8 30 0.960115
8 35 0.960115
8 40 0.960115
8 45 0.960115
8 50 0.960115
8 55 0.960115
8 60 0.960115
8 65 0.960115
8 70 0.960115
8 75 0.960115
8 80 0.960115
8 85 0.960115
8 90 0.960115
8.4 0 0.960115
8.4 5 0.960115
8.4 10 0.960115
8.4 15 0.960115
8.4 20 0.960115
8.4 25 0.960115
8.4 30 0.960115
8.4 35 0.960115
8.4 40 0.960115
8.4 45 0.960115
8.4 50 0.960115
8.4 55 0.960115
8.4 60 0.960115
8.4 65 0.960115
8.4 70 0.960115
8.4 75 0.960115
8.4 80 0.960115
8.4 85 0.960115
8.4 90 0.960115
8.8 0 0.960115
8.8 5 0.960115
8.8 10 0.960115
8.8 15 0.960115
8.8 20 0.960115
8.8 25 0.960115
8.8 30 0.960115
8.8 35 0.960115
8.8 40 0.960115
8.8 45 0.960115
8.8 50 0.960115
8.8 55 0.960115
8.8 60 0.960115
8.8 65 0.960115
8.8 70 0.960115
8.8 75 0.960115
8.8 80 0.960115
8.8 85 0.960115
8.8 90 0.960115
9.2 0 0.960115
9.2 5 0.960115
9.2 10 0.960115
9.2 15 0.960115
9.2 20 0.960115
9.2 25 0.960115
9.2 30 0.960115
9.2 35 0.960115
9.2 40 0.960115
9.2 45 0.960115
9.2 50 0.960115
9.2 55 0.960115
9.2 60 0.960115
9.2 65 0.960115
9.2 70 0.960115
9.2 75 0.960115
9.2 80 0.960115
9.2 85 0.960115
9.2 90 0.960115
9.6 0 0.960115
9.6 5 0.960115
9.6 10 0.960115
9.6 15 0.960115
9.6 20 0.960115
9.6 25 0.960115
9.6 30 0.960115
9.6 35 0.960115
9.6 40 0.960115
9.6 45 0.960115
9.6 50 0.960115
9.6 55 0.960115
9.6 60 0.960115
9.6 65 0.960115
9.6 70 0.960115
9.6 75 0.960115
9.6 80 0.960115
9.6 85 0.960115
9.6 90 0.960115
10 0 0.960115
10 5 0.960115
10 10 0.960115
10 15 0.960115
10 20 0.960115
10 25 0.960115
10 30 0.960115
10 35 0.960115
10 40 0.960115
10 45 0.960115
10 50 0.960115
10 55 0.960115
10 60 0.960115
10 65 0.960115
10 70 0.960115
10 75 0.960115
10 80 0.960115
10 85 0.960115
10 90 0.960115
10.4 0 0.960115
10.4 5 0.960115
10.4 10 0.960115
10.4 15 0.960115
10.4 20 0.960115
10.4 25 0.960115
10.4 30 0.960115
10.4 35 0.960115
10.4 40 0.960115
10.4 45 0.960115
10.4 50 0.960115
10.4 55 0.960115
10.4 60 0.960115
10.4 65 0.960115
10.4 70 0.960115
10.4 75 0.960115
10.4 80 0.960115
10.4 85 0.960115
10.4 90 0.960115
10.8 0 0.960115
10.8 5 0.960115
10.8 10 0.960115
10.8 15 0.960115
10.8 20 0.960115
10.8 25 0.960115
10.8 30 0.960115
10.8 35 0.960115
10.8 40 0.960115
10.8 45 0.960115
10.8 50 0.960115
10.8 55 0.960115
10.8 60 0.960115
10.8 65 0.960115
10.8 70 0.960115
10.8 75 0.960115
10.8 80 0.960115
10.8 85 0.960115
10.8 90 0.960115
11.2 0 0.960115
11.2 5 0.960115
11.2 10 0.960115
11.2 15 0.960115
11.2 20 0.960115
11.2 25 0.960115
11.2 30 0.960115
11.2 35 0.960115
11.2 40 0.960115
11.2 45 0.960115
11.2 50 0.960115
11.2 55 0.960115
11.2 60 0.960115
11.2 65 0.960115
11.2 70 0.960115
11.2 75 0.960115
11.2 80 0.960115
11.2 85 0.960115
11.2 90 0.960115
11.6 0 0.960115
11.6 5 0.960115
11.6 10 0.960115
11.6 15 0.960115
11.6 20 0.960115
11.6 25 0.960115
11.6 30 0.960115
11.6 35 0.960115
11.6 40 0.960115
11.6 45 0.960115
11.6 50 0.960115
11.6 55 0.960115
11.6 60 0.960115
11.6 65 0.960115
11.6 70 0.960115
11.6 75 0.960115
11.6 80 0.960115
11.6 85 0.960115
11.6 90 0.960115
12 0 0.960115
12 5 0.960115
12 10 0.960115
12 15 0.960115
12 20 0.960115
12 25 0.960115
12 30 0.960115
12 35 0.960115
12 40 0.960115
12 45 0.960115
12 50 0.960115
12 55 0.960115
12 60 0.960115
12 65 0.960115
12 70 0.960115
12 75 0.960115
12 80 0.960115
12 85 0.960115
12 90 0.960115
