0.133333 2
0 0 0.983058
0 2 0.983058
0 4 0.983058
0 6 0.983058
0 8 0.983058
0 10 0.983058
0 12 0.983058
0 14 0.983058
0 16 0.983058
0 18 0.983058
0 20 0.983058
0 22 0.983058
0 24 0.983058
0 26 0.983058
0 28 0.983058
0 30 0.983058
0 32 0.983058
0 34 0.983058
0 36 0.983058
0 38 0.983058
0 40 0.983058
0 42 0.983058
0 44 0.983058
0 46 0.983058
0 48 0.983058
0 50 0.983058
0 52 0.983058
0 54 0.983058
0 56 0.983058
0 58 0.983058
0 60 0.983058
0 62 0.983058
0 64 0.983058
0 66 0.983058
0 68 0.983058
0 70 0.983058
0 72 0.983058
0 74 0.983058
0 76 0.983058
0 78 0.983058
0 80 0.983058
0 82 0.983058
0 84 0.983058
0 86 0.983058
0 88 0.983058
0 90 0.983058
0.133333 0 0.983202
0.133333 2 0.983202
0.133333 4 0.983202
0.133333 6 0.983202
0.133333 8 0.983202
0.133333 10 0.983202
0.133333 12 0.983202
0.133333 14 0.983202
0.133333 16 0.983202
0.133333 18 0.983202
0.133333 20 0.983202
0.133333 22 0.983202
0.133333 24 0.983202
0.133333 26 0.983202
0.133333 28 0.983202
0.133333 30 0.983202
0.133333 32 0.983202
0.133333 34 0.983202
0.133333 36 0.983202
0.133333 38 0.983202
0.133333 40 0.983202
0.133333 42 0.983202
0.133333 44 0.983202
0.133333 46 0.983202
0.133333 48 0.983202
0.133333 50 0.983202
0.133333 52 0.983202
0.133333 54 0.983202
0.133333 56 0.983202
0.133333 58 0.983202
0.133333 60 0.983202
0.133333 62 0.983202
0.133333 64 0.983202
0.133333 66 0.983202
0.133333 68 0.983202
0.133333 70 0.983201
0.133333 72 0.983201
0.133333 74 0.983201
0.133333 76 0.983201
0.133333 78 0.983201
0.133333 80 0.983201
0.133333 82 0.983201
0.133333 84 0.983201
0.133333 86 0.983201
0.133333 88 0.983201
0.133333 90 0.983201
0.266667 0 0.983586
0.266667 2 0.983586
0.266667 4 0.983586
0.266667 6 0.983586
0.266667 8 0.983586
0.266667 10 0.983586
0.266667 12 0.983586
0.266667 14 0.983586
0.266667 16 0.983586
0.266667 18 0.983586
0.266667 20 0.983586
0.266667 22 0.983586
0.266667 24 0.983587
0.266667 26 0.983587
0.266667 28 0.983587
0.266667 30 0.983587
0.266667 32 0.983587
0.266667 34 0.983587
0.266667 36 0.983587
0.266667 38 0.983587
0.266667 40 0.983587
0.266667 42 0.983587
0.266667 44 0.983587
0.266667 46 0.983587
0.266667 48 0.983587
0.266667 50 0.983587
0.266667 52 0.983587
0.266667 54 0.983587
0.266667 56 0.983587
0.266667 58 0.983587
0.266667 60 0.983587
0.266667 62 0.983587
0.266667 64 0.983587
0.266667 66 0.983587
0.266667 68 0.983587
0.266667 70 0.983588
0.266667 72 0.983588
0.266667 74 0.983588
0.266667 76 0.983588
0.266667 78 0.983588
0.266667 80 0.983588
0.266667 82 0.983588
0.266667 84 0.983589
0.266667 86 0.983589
0.266667 88 0.983589
0.266667 90 0.983589
0.4 0 0.984204
0.4 2 0.984204
0.4 4 0.984204
0.4 6 0.984204
0.4 8 0.984204
0.4 10 0.984204
0.4 12 0.984204
0.4 14 0.984204
0.4 16 0.984204
0.4 18 0.984204
0.4 20 0.984204
0.4 22 0.984204
0.4 24 0.984204
0.4 26 0.984204
0.4 28 0.984204
0.4 30 0.984204
0.4 32 0.984204
0.4 34 0.984205
0.4 36 0.984205
0.4 38 0.984205
0.4 40 0.984205
0.4 42 0.984205
0.4 44 0.984205
0.4 46 0.984205
0.4 48 0.984205
0.4 50 0.984205
0.4 52 0.984206
0.4 54 0.984206
0.4 56 0.984206
0.4 58 0.984206
0.4 60 0.984206
0.4 62 0.984206
0.4 64 0.984206
0.4 66 0.984205
0.4 68 0.984205
0.4 70 0.984204
0.4 72 0.984204
0.4 74 0.984203
0.4 76 0.984203
0.4 78 0.984203
0.4 80 0.984204
0.4 82 0.984204
0.4 84 0.984205
0.4 86 0.984205
0.4 88 0.984205
0.4 90 0.984205
0.533333 0 0.985021
0.533333 2 0.985021
0.533333 4 0.985021
0.533333 6 0.985021
0.533333 8 0.985021
0.533333 10 0.985021
0.533333 12 0.985021
0.533333 14 0.985021
0.533333 16 0.985021
0.533333 18 0.985021
0.533333 20 0.985021
0.533333 22 0.985022
0.533333 24 0.985022
0.533333 26 0.985022
0.533333 28 0.985022
0.533333 30 0.985022
0.533333 32 0.985022
0.533333 34 0.985022
0.533333 36 0.985023
0.533333 38 0.985023
0.533333 40 0.985023
0.533333 42 0.985023
0.533333 44 0.985023
0.533333 46 0.985023
0.533333 48 0.985024
0.533333 50 0.985023
0.533333 52 0.985023
0.533333 54 0.985023
0.533333 56 0.985022
0.533333 58 0.985022
0.533333 60 0.985022
0.533333 62 0.985022
0.533333 64 0.985022
0.533333 66 0.985023
0.533333 68 0.985023
0.533333 70 0.985023
0.533333 72 0.985023
0.533333 74 0.985023
0.533333 76 0.985023
0.533333 78 0.985023
0.533333 80 0.985023
0.533333 82 0.985022
0.533333 84 0.985021
0.533333 86 0.985021
0.533333 88 0.98502
0.533333 90 0.98502
0.666667 0 0.985994
0.666667 2 0.985994
0.666667 4 0.985994
0.666667 6 0.985994
0.666667 8 0.985994
0.666667 10 0.985994
0.666667 12 0.985994
0.666667 14 0.985994
0.666667 16 0.985994
0.666667 18 0.985994
0.666667 20 0.985995
0.666667 22 0.985995
0.666667 24 0.985995
0.666667 26 0.985995
0.666667 28 0.985995
0.666667 30 0.985996
0.666667 32 0.985996
0.666667 34 0.985996
0.666667 36 0.985996
0.666667 38 0.985997
0.666667 40 0.985997
0.666667 42 0.985997
0.666667 44 0.985997
0.666667 46 0.985997
0.666667 48 0.985996
0.666667 50 0.985996
0.666667 52 0.985996
0.666667 54 0.985997
0.666667 56 0.985997
0.666667 58 0.985996
0.666667 60 0.985996
0.666667 62 0.985995
0.666667 64 0.985995
0.666667 66 0.985994
0.666667 68 0.985994
0.666667 70 0.985994
0.666667 72 0.985994
0.666667 74 0.985995
0.666667 76 0.985995
0.666667 78 0.985994
0.666667 80 0.985993
0.666667 82 0.985993
0.666667 84 0.985993
0.666667 86 0.985993
0.666667 88 0.985994
0.666667 90 0.985994
0.8 0 0.987071
0.8 2 0.987071
0.8 4 0.987071
0.8 6 0.987071
0.8 8 0.987071
0.8 10 0.987071
0.8 12 0.987072
0.8 14 0.987072
0.8 16 0.987072
0.8 18 0.987072
0.8 20 0.987073
0.8 22 0.987073
0.8 24 0.987074
0.8 26 0.987074
0.8 28 0.987074
0.8 30 0.987075
0.8 32 0.987075
0.8 34 0.987076
0.8 36 0.987076
0.8 38 0.987076
0.8 40 0.987076
0.8 42 0.987075
0.8 44 0.987075
0.8 46 0.987075
0.8 48 0.987075
0.8 50 0.987075
0.8 52 0.987074
0.8 54 0.987073
0.8 56 0.987072
0.8 58 0.987071
0.8 60 0.98707
0.8 62 0.987069
0.8 64 0.987067
0.8 66 0.987065
0.8 68 0.987064
0.8 70 0.987062
0.8 72 0.987061
0.8 74 0.98706
0.8 76 0.987059
0.8 78 0.987058
0.8 80 0.987057
0.8 82 0.987055
0.8 84 0.987054
0.8 86 0.987054
0.8 88 0.987054
0.8 90 0.987053
0.933333 0 0.9882
0.933333 2 0.9882
0.933333 4 0.9882
0.933333 6 0.9882
0.933333 8 0.9882
0.933333 10 0.9882
0.933333 12 0.988201
0.933333 14 0.988201
0.933333 16 0.988201
0.933333 18 0.988202
0.933333 20 0.988202
0.933333 22 0.988203
0.933333 24 0.988204
0.933333 26 0.988204
0.933333 28 0.988205
0.933333 30 0.988205
0.933333 32 0.988206
0.933333 34 0.988206
0.933333 36 0.988206
0.933333 38 0.988206
0.933333 40 0.988206
0.933333 42 0.988205
0.933333 44 0.988204
0.933333 46 0.988202
0.933333 48 0.988201
0.933333 50 0.988199
0.933333 52 0.988197
0.933333 54 0.988194
0.933333 56 0.98819
0.933333 58 0.988186
0.933333 60 0.988183
0.933333 62 0.988179
0.933333 64 0.988175
0.933333 66 0.988169
0.933333 68 0.988164
0.933333 70 0.98816
0.933333 72 0.988156
0.933333 74 0.988152
0.933333 76 0.988148
0.933333 78 0.988144
0.933333 80 0.988141
0.933333 82 0.988138
0.933333 84 0.988136
0.933333 86 0.988134
0.933333 88 0.988134
0.933333 90 0.988133
1.06667 0 0.989327
1.06667 2 0.989327
1.06667 4 0.989327
1.06667 6 0.989328
1.06667 8 0.989328
1.06667 10 0.989328
1.06667 12 0.989329
1.06667 14 0.989329
1.06667 16 0.98933
1.06667 18 0.989331
1.06667 20 0.989332
1.06667 22 0.989332
1.06667 24 0.989333
1.06667 26 0.989334
1.06667 28 0.989335
1.06667 30 0.989335
1.06667 32 0.989335
1.06667 34 0.989335
1.06667 36 0.989335
1.06667 38 0.989334
1.06667 40 0.989332
1.06667 42 0.989329
1.06667 44 0.989326
1.06667 46 0.989323
1.06667 48 0.989318
1.06667 50 0.989312
1.06667 52 0.989305
1.06667 54 0.989298
1.06667 56 0.98929
1.06667 58 0.989281
1.06667 60 0.989272
1.06667 62 0.989263
1.06667 64 0.989253
1.06667 66 0.989244
1.06667 68 0.989235
1.06667 70 0.989227
1.06667 72 0.989219
1.06667 74 0.989212
1.06667 76 0.989205
1.06667 78 0.989199
1.06667 80 0.989194
1.06667 82 0.98919
1.06667 84 0.989187
1.06667 86 0.989185
1.06667 88 0.989183
1.06667 90 0.989183
1.2 0 0.990407
1.2 2 0.990407
1.2 4 0.990407
1.2 6 0.990407
1.2 8 0.990408
1.2 10 0.990408
1.2 12 0.990409
1.2 14 0.99041
1.2 16 0.990411
1.2 18 0.990412
1.2 20 0.990414
1.2 22 0.990415
1.2 24 0.990416
1.2 26 0.990417
1.2 28 0.990417
1.2 30 0.990417
1.2 32 0.990417
1.2 34 0.990416
1.2 36 0.990413
1.2 38 0.99041
1.2 40 0.990405
1.2 42 0.990399
1.2 44 0.990391
1.2 46 0.990382
1.2 48 0.990372
1.2 50 0.99036
1.2 52 0.990347
1.2 54 0.990333
1.2 56 0.990319
1.2 58 0.990304
1.2 60 0.99029
1.2 62 0.990276
1.2 64 0.990263
1.2 66 0.99025
1.2 68 0.990239
1.2 70 0.990229
1.2 72 0.99022
1.2 74 0.990212
1.2 76 0.990205
1.2 78 0.990199
1.2 80 0.990194
1.2 82 0.99019
1.2 84 0.990186
1.2 86 0.990184
1.2 88 0.990183
1.2 90 0.990182
1.33333 0 0.991402
1.33333 2 0.991403
1.33333 4 0.991403
1.33333 6 0.991403
1.33333 8 0.991404
1.33333 10 0.991405
1.33333 12 0.991406
1.33333 14 0.991407
1.33333 16 0.991408
1.33333 18 0.99141
1.33333 20 0.991412
1.33333 22 0.991413
1.33333 24 0.991414
1.33333 26 0.991415
1.33333 28 0.991415
1.33333 30 0.991414
1.33333 32 0.991412
1.33333 34 0.991408
1.33333 36 0.991402
1.33333 38 0.991395
1.33333 40 0.991385
1.33333 42 0.991373
1.33333 44 0.991359
1.33333 46 0.991343
1.33333 48 0.991325
1.33333 50 0.991307
1.33333 52 0.991288
1.33333 54 0.991269
1.33333 56 0.991251
1.33333 58 0.991234
1.33333 60 0.991219
1.33333 62 0.991205
1.33333 64 0.991192
1.33333 66 0.991182
1.33333 68 0.991172
1.33333 70 0.991164
1.33333 72 0.991158
1.33333 74 0.991152
1.33333 76 0.991148
1.33333 78 0.991145
1.33333 80 0.991142
1.33333 82 0.99114
1.33333 84 0.991139
1.33333 86 0.991138
1.33333 88 0.991137
1.33333 90 0.991137
1.46667 0 0.992291
1.46667 2 0.992291
1.46667 4 0.992291
1.46667 6 0.992291
1.46667 8 0.992292
1.46667 10 0.992293
1.46667 12 0.992295
1.46667 14 0.992296
1.46667 16 0.992298
1.46667 18 0.9923
1.46667 20 0.992302
1.46667 22 0.992304
1.46667 24 0.992305
1.46667 26 0.992305
1.46667 28 0.992303
1.46667 30 0.9923
1.46667 32 0.992295
1.46667 34 0.992287
1.46667 36 0.992277
1.46667 38 0.992263
1.46667 40 0.992247
1.46667 42 0.992227
1.46667 44 0.992206
1.46667 46 0.992184
1.46667 48 0.992162
1.46667 50 0.99214
1.46667 52 0.99212
1.46667 54 0.992102
1.46667 56 0.992086
1.46667 58 0.992073
1.46667 60 0.992062
1.46667 62 0.992053
1.46667 64 0.992046
1.46667 66 0.992041
1.46667 68 0.992037
1.46667 70 0.992035
1.46667 72 0.992034
1.46667 74 0.992034
1.46667 76 0.992034
1.46667 78 0.992034
1.46667 80 0.992035
1.46667 82 0.992036
1.46667 84 0.992037
1.46667 86 0.992038
1.46667 88 0.992038
1.46667 90 0.992039
1.6 0 0.993061
1.6 2 0.993061
1.6 4 0.993062
1.6 6 0.993063
1.6 8 0.993063
1.6 10 0.993065
1.6 12 0.993067
1.6 14 0.993069
1.6 16 0.993071
1.6 18 0.993074
1.6 20 0.993076
1.6 22 0.993077
1.6 24 0.993077
1.6 26 0.993076
1.6 28 0.993072
1.6 30 0.993066
1.6 32 0.993056
1.6 34 0.993043
1.6 36 0.993026
1.6 38 0.993005
1.6 40 0.992982
1.6 42 0.992958
1.6 44 0.992933
1.6 46 0.99291
1.6 48 0.992889
1.6 50 0.992871
1.6 52 0.992856
1.6 54 0.992844
1.6 56 0.992835
1.6 58 0.992829
1.6 60 0.992826
1.6 62 0.992824
1.6 64 0.992824
1.6 66 0.992826
1.6 68 0.992831
1.6 70 0.992838
1.6 72 0.992846
1.6 74 0.992856
1.6 76 0.992867
1.6 78 0.992878
1.6 80 0.992888
1.6 82 0.992897
1.6 84 0.992905
1.6 86 0.992911
1.6 88 0.992914
1.6 90 0.992915
1.73333 0 0.993721
1.73333 2 0.993721
1.73333 4 0.993721
1.73333 6 0.993722
1.73333 8 0.993723
1.73333 10 0.993725
1.73333 12 0.993728
1.73333 14 0.99373
1.73333 16 0.993733
1.73333 18 0.993736
1.73333 20 0.993737
1.73333 22 0.993738
1.73333 24 0.993737
1.73333 26 0.993733
1.73333 28 0.993726
1.73333 30 0.993716
1.73333 32 0.993701
1.73333 34 0.993681
1.73333 36 0.993658
1.73333 38 0.993633
1.73333 40 0.993607
1.73333 42 0.993583
1.73333 44 0.993561
1.73333 46 0.993542
1.73333 48 0.993528
1.73333 50 0.993518
1.73333 52 0.993511
1.73333 54 0.993507
1.73333 56 0.993505
1.73333 58 0.993508
1.73333 60 0.993515
1.73333 62 0.993528
1.73333 64 0.993545
1.73333 66 0.993566
1.73333 68 0.993591
1.73333 70 0.993618
1.73333 72 0.993646
1.73333 74 0.993674
1.73333 76 0.993701
1.73333 78 0.993727
1.73333 80 0.99375
1.73333 82 0.99377
1.73333 84 0.993786
1.73333 86 0.993798
1.73333 88 0.993805
1.73333 90 0.993807
1.86667 0 0.994286
1.86667 2 0.994286
1.86667 4 0.994287
1.86667 6 0.994288
1.86667 8 0.99429
1.86667 10 0.994292
1.86667 12 0.994295
1.86667 14 0.994297
1.86667 16 0.9943
1.86667 18 0.994303
1.86667 20 0.994305
1.86667 22 0.994304
1.86667 24 0.994301
1.86667 26 0.994295
1.86667 28 0.994284
1.86667 30 0.994268
1.86667 32 0.994247
1.86667 34 0.994223
1.86667 36 0.994198
1.86667 38 0.994172
1.86667 40 0.994149
1.86667 42 0.99413
1.86667 44 0.994115
1.86667 46 0.994105
1.86667 48 0.994099
1.86667 50 0.994096
1.86667 52 0.994097
1.86667 54 0.994106
1.86667 56 0.994123
1.86667 58 0.994147
1.86667 60 0.994178
1.86667 62 0.994215
1.86667 64 0.994258
1.86667 66 0.994304
1.86667 68 0.994353
1.86667 70 0.994402
1.86667 72 0.994451
1.86667 74 0.994498
1.86667 76 0.994542
1.86667 78 0.994583
1.86667 80 0.99462
1.86667 82 0.99465
1.86667 84 0.994675
1.86667 86 0.994693
1.86667 88 0.994704
1.86667 90 0.994707
2 0 0.994785
2 2 0.994785
2 4 0.994786
2 6 0.994787
2 8 0.994789
2 10 0.994791
2 12 0.994795
2 14 0.994798
2 16 0.994801
2 18 0.994803
2 20 0.994804
2 22 0.994802
2 24 0.994797
2 26 0.994786
2 28 0.994771
2 30 0.994751
2 32 0.994728
2 34 0.994702
2 36 0.994678
2 38 0.994657
2 40 0.994642
2 42 0.994631
2 44 0.994625
2 46 0.994622
2 48 0.994624
2 50 0.994636
2 52 0.994659
2 54 0.994692
2 56 0.994735
2 58 0.994786
2 60 0.994844
2 62 0.994908
2 64 0.994976
2 66 0.995046
2 68 0.995118
2 70 0.995188
2 72 0.995256
2 74 0.99532
2 76 0.99538
2 78 0.995433
2 80 0.99548
2 82 0.995519
2 84 0.995551
2 86 0.995573
2 88 0.995587
2 90 0.995591
2.13333 0 0.995248
2.13333 2 0.995249
2.13333 4 0.995249
2.13333 6 0.995251
2.13333 8 0.995253
2.13333 10 0.995256
2.13333 12 0.995259
2.13333 14 0.995263
2.13333 16 0.995266
2.13333 18 0.995267
2.13333 20 0.995267
2.13333 22 0.995263
2.13333 24 0.995255
2.13333 26 0.995241
2.13333 28 0.995223
2.13333 30 0.9952
2.13333 32 0.995177
2.13333 34 0.995155
2.13333 36 0.995136
2.13333 38 0.995124
2.13333 40 0.995116
2.13333 42 0.995112
2.13333 44 0.995113
2.13333 46 0.995124
2.13333 48 0.995148
2.13333 50 0.995185
2.13333 52 0.995233
2.13333 54 0.995292
2.13333 56 0.995362
2.13333 58 0.995438
2.13333 60 0.995521
2.13333 62 0.995608
2.13333 64 0.995698
2.13333 66 0.995788
2.13333 68 0.995877
2.13333 70 0.995962
2.13333 72 0.996044
2.13333 74 0.99612
2.13333 76 0.996189
2.13333 78 0.996251
2.13333 80 0.996304
2.13333 82 0.996348
2.13333 84 0.996383
2.13333 86 0.996408
2.13333 88 0.996424
2.13333 90 0.996429
2.26667 0 0.995707
2.26667 2 0.995708
2.26667 4 0.995709
2.26667 6 0.99571
2.26667 8 0.995713
2.26667 10 0.995716
2.26667 12 0.995719
2.26667 14 0.995723
2.26667 16 0.995725
2.26667 18 0.995726
2.26667 20 0.995724
2.26667 22 0.995718
2.26667 24 0.995708
2.26667 26 0.995692
2.26667 28 0.995672
2.26667 30 0.99565
2.26667 32 0.99563
2.26667 34 0.995614
2.26667 36 0.995604
2.26667 38 0.995598
2.26667 40 0.995596
2.26667 42 0.995603
2.26667 44 0.995622
2.26667 46 0.995655
2.26667 48 0.995703
2.26667 50 0.995763
2.26667 52 0.995835
2.26667 54 0.995918
2.26667 56 0.996008
2.26667 58 0.996106
2.26667 60 0.996207
2.26667 62 0.996311
2.26667 64 0.996414
2.26667 66 0.996516
2.26667 68 0.996614
2.26667 70 0.996706
2.26667 72 0.996793
2.26667 74 0.996873
2.26667 76 0.996946
2.26667 78 0.997009
2.26667 80 0.997064
2.26667 82 0.997109
2.26667 84 0.997144
2.26667 86 0.997169
2.26667 88 0.997185
2.26667 90 0.99719
2.4 0 0.996189
2.4 2 0.99619
2.4 4 0.99619
2.4 6 0.996192
2.4 8 0.996195
2.4 10 0.996198
2.4 12 0.996201
2.4 14 0.996205
2.4 16 0.996207
2.4 18 0.996207
2.4 20 0.996204
2.4 22 0.996196
2.4 24 0.996183
2.4 26 0.996166
2.4 28 0.996147
2.4 30 0.996129
2.4 32 0.996115
2.4 34 0.996106
2.4 36 0.996103
2.4 38 0.996102
2.4 40 0.996113
2.4 42 0.996138
2.4 44 0.996177
2.4 46 0.996231
2.4 48 0.996298
2.4 50 0.996379
2.4 52 0.996469
2.4 54 0.996569
2.4 56 0.996674
2.4 58 0.996783
2.4 60 0.996894
2.4 62 0.997003
2.4 64 0.997111
2.4 66 0.997214
2.4 68 0.997313
2.4 70 0.997404
2.4 72 0.997489
2.4 74 0.997566
2.4 76 0.997635
2.4 78 0.997696
2.4 80 0.997747
2.4 82 0.99779
2.4 84 0.997823
2.4 86 0.997847
2.4 88 0.997861
2.4 90 0.997866
2.53333 0 0.996712
2.53333 2 0.996713
2.53333 4 0.996714
2.53333 6 0.996715
2.53333 8 0.996718
2.53333 10 0.996721
2.53333 12 0.996725
2.53333 14 0.996728
2.53333 16 0.996729
2.53333 18 0.996728
2.53333 20 0.996724
2.53333 22 0.996715
2.53333 24 0.996701
2.53333 26 0.996685
2.53333 28 0.996669
2.53333 30 0.996656
2.53333 32 0.996649
2.53333 34 0.996646
2.53333 36 0.996647
2.53333 38 0.996659
2.53333 40 0.996686
2.53333 42 0.996727
2.53333 44 0.996784
2.53333 46 0.996855
2.53333 48 0.996938
2.53333 50 0.997031
2.53333 52 0.997132
2.53333 54 0.997239
2.53333 56 0.997349
2.53333 58 0.99746
2.53333 60 0.99757
2.53333 62 0.997677
2.53333 64 0.997779
2.53333 66 0.997876
2.53333 68 0.997968
2.53333 70 0.998052
2.53333 72 0.99813
2.53333 74 0.9982
2.53333 76 0.998263
2.53333 78 0.998317
2.53333 80 0.998363
2.53333 82 0.998401
2.53333 84 0.998431
2.53333 86 0.998453
2.53333 88 0.998466
2.53333 90 0.99847
2.66667 0 0.997287
2.66667 2 0.997287
2.66667 4 0.997288
2.66667 6 0.997289
2.66667 8 0.997292
2.66667 10 0.997295
2.66667 12 0.997299
2.66667 14 0.997301
2.66667 16 0.997302
2.66667 18 0.9973
2.66667 20 0.997294
2.66667 22 0.997284
2.66667 24 0.997271
2.66667 26 0.997258
2.66667 28 0.997246
2.66667 30 0.997239
2.66667 32 0.997237
2.66667 34 0.997238
2.66667 36 0.997251
2.66667 38 0.997276
2.66667 40 0.997317
2.66667 42 0.997372
2.66667 44 0.997441
2.66667 46 0.997522
2.66667 48 0.997613
2.66667 50 0.997711
2.66667 52 0.997814
2.66667 54 0.997919
2.66667 56 0.998025
2.66667 58 0.998129
2.66667 60 0.99823
2.66667 62 0.998327
2.66667 64 0.99842
2.66667 66 0.998507
2.66667 68 0.998587
2.66667 70 0.998662
2.66667 72 0.998731
2.66667 74 0.998795
2.66667 76 0.998852
2.66667 78 0.998903
2.66667 80 0.998947
2.66667 82 0.998983
2.66667 84 0.999012
2.66667 86 0.999033
2.66667 88 0.999046
2.66667 90 0.99905
2.8 0 0.997911
2.8 2 0.997912
2.8 4 0.997913
2.8 6 0.997914
2.8 8 0.997917
2.8 10 0.99792
2.8 12 0.997923
2.8 14 0.997925
2.8 16 0.997925
2.8 18 0.997922
2.8 20 0.997916
2.8 22 0.997906
2.8 24 0.997895
2.8 26 0.997884
2.8 28 0.997878
2.8 30 0.997875
2.8 32 0.997876
2.8 34 0.997886
2.8 36 0.997909
2.8 38 0.997946
2.8 40 0.997997
2.8 42 0.998061
2.8 44 0.998136
2.8 46 0.99822
2.8 48 0.99831
2.8 50 0.998405
2.8 52 0.998502
2.8 54 0.998599
2.8 56 0.998694
2.8 58 0.998787
2.8 60 0.998876
2.8 62 0.99896
2.8 64 0.99904
2.8 66 0.999117
2.8 68 0.999191
2.8 70 0.99926
2.8 72 0.999326
2.8 74 0.999386
2.8 76 0.999442
2.8 78 0.999491
2.8 80 0.999534
2.8 82 0.999569
2.8 84 0.999598
2.8 86 0.999618
2.8 88 0.99963
2.8 90 0.999634
2.93333 0 0.998577
2.93333 2 0.998578
2.93333 4 0.998579
2.93333 6 0.99858
2.93333 8 0.998583
2.93333 10 0.998585
2.93333 12 0.998588
2.93333 14 0.99859
2.93333 16 0.998589
2.93333 18 0.998586
2.93333 20 0.998579
2.93333 22 0.998571
2.93333 24 0.998561
2.93333 26 0.998555
2.93333 28 0.998552
2.93333 30 0.998552
2.93333 32 0.99856
2.93333 34 0.998579
2.93333 36 0.99861
2.93333 38 0.998654
2.93333 40 0.99871
2.93333 42 0.998777
2.93333 44 0.998851
2.93333 46 0.998932
2.93333 48 0.999016
2.93333 50 0.999102
2.93333 52 0.999188
2.93333 54 0.999273
2.93333 56 0.999355
2.93333 58 0.999434
2.93333 60 0.999511
2.93333 62 0.999586
2.93333 64 0.99966
2.93333 66 0.999732
2.93333 68 0.999801
2.93333 70 0.999868
2.93333 72 0.999931
2.93333 74 0.999989
2.93333 76 1.00004
2.93333 78 1.00009
2.93333 80 1.00013
2.93333 82 1.00017
2.93333 84 1.00019
2.93333 86 1.00021
2.93333 88 1.00023
2.93333 90 1.00023
3.06667 0 0.99927
3.06667 2 0.99927
3.06667 4 0.999271
3.06667 6 0.999273
3.06667 8 0.999275
3.06667 10 0.999278
3.06667 12 0.99928
3.06667 14 0.999281
3.06667 16 0.99928
3.06667 18 0.999276
3.06667 20 0.99927
3.06667 22 0.999263
3.06667 24 0.999257
3.06667 26 0.999253
3.06667 28 0.999253
3.06667 30 0.999257
3.06667 32 0.999271
3.06667 34 0.999296
3.06667 36 0.999332
3.06667 38 0.999379
3.06667 40 0.999436
3.06667 42 0.9995
3.06667 44 0.99957
3.06667 46 0.999642
3.06667 48 0.999717
3.06667 50 0.999791
3.06667 52 0.999864
3.06667 54 0.999936
3.06667 56 1.00001
3.06667 58 1.00008
3.06667 60 1.00015
3.06667 62 1.00022
3.06667 64 1.00028
3.06667 66 1.00035
3.06667 68 1.00042
3.06667 70 1.00048
3.06667 72 1.00054
3.06667 74 1.0006
3.06667 76 1.00065
3.06667 78 1.0007
3.06667 80 1.00073
3.06667 82 1.00077
3.06667 84 1.00079
3.06667 86 1.00081
3.06667 88 1.00082
3.06667 90 1.00083
3.2 0 0.99997
3.2 2 0.99997
3.2 4 0.999971
3.2 6 0.999973
3.2 8 0.999975
3.2 10 0.999977
3.2 12 0.999979
3.2 14 0.999979
3.2 16 0.999978
3.2 18 0.999974
3.2 20 0.999969
3.2 22 0.999963
3.2 24 0.999959
3.2 26 0.999959
3.2 28 0.99996
3.2 30 0.999969
3.2 32 0.999988
3.2 34 1.00002
3.2 36 1.00005
3.2 38 1.0001
3.2 40 1.00015
3.2 42 1.00021
3.2 44 1.00027
3.2 46 1.00034
3.2 48 1.0004
3.2 50 1.00046
3.2 52 1.00052
3.2 54 1.00058
3.2 56 1.00065
3.2 58 1.00071
3.2 60 1.00078
3.2 62 1.00084
3.2 64 1.00091
3.2 66 1.00097
3.2 68 1.00103
3.2 70 1.00109
3.2 72 1.00115
3.2 74 1.0012
3.2 76 1.00125
3.2 78 1.00129
3.2 80 1.00133
3.2 82 1.00136
3.2 84 1.00138
3.2 86 1.0014
3.2 88 1.00141
3.2 90 1.00141
3.33333 0 1.00066
3.33333 2 1.00066
3.33333 4 1.00066
3.33333 6 1.00066
3.33333 8 1.00066
3.33333 10 1.00066
3.33333 12 1.00066
3.33333 14 1.00066
3.33333 16 1.00066
3.33333 18 1.00066
3.33333 20 1.00066
3.33333 22 1.00065
3.33333 24 1.00065
3.33333 26 1.00065
3.33333 28 1.00066
3.33333 30 1.00067
3.33333 32 1.00069
3.33333 34 1.00072
3.33333 36 1.00075
3.33333 38 1.0008
3.33333 40 1.00084
3.33333 42 1.0009
3.33333 44 1.00095
3.33333 46 1.001
3.33333 48 1.00105
3.33333 50 1.0011
3.33333 52 1.00116
3.33333 54 1.00121
3.33333 56 1.00127
3.33333 58 1.00133
3.33333 60 1.00139
3.33333 62 1.00145
3.33333 64 1.00151
3.33333 66 1.00157
3.33333 68 1.00163
3.33333 70 1.00168
3.33333 72 1.00173
3.33333 74 1.00178
3.33333 76 1.00182
3.33333 78 1.00186
3.33333 80 1.00189
3.33333 82 1.00192
3.33333 84 1.00194
3.33333 86 1.00195
3.33333 88 1.00196
3.33333 90 1.00196
3.46667 0 1.00131
3.46667 2 1.00131
3.46667 4 1.00131
3.46667 6 1.00132
3.46667 8 1.00132
3.46667 10 1.00132
3.46667 12 1.00132
3.46667 14 1.00132
3.46667 16 1.00132
3.46667 18 1.00131
3.46667 20 1.00131
3.46667 22 1.00131
3.46667 24 1.00131
3.46667 26 1.00131
3.46667 28 1.00132
3.46667 30 1.00133
3.46667 32 1.00135
3.46667 34 1.00138
3.46667 36 1.00142
3.46667 38 1.00145
3.46667 40 1.00149
3.46667 42 1.00154
3.46667 44 1.00158
3.46667 46 1.00162
3.46667 48 1.00167
3.46667 50 1.00171
3.46667 52 1.00176
3.46667 54 1.00181
3.46667 56 1.00186
3.46667 58 1.00192
3.46667 60 1.00197
3.46667 62 1.00203
3.46667 64 1.00208
3.46667 66 1.00213
3.46667 68 1.00218
3.46667 70 1.00223
3.46667 72 1.00227
3.46667 74 1.00231
3.46667 76 1.00235
3.46667 78 1.00238
3.46667 80 1.00241
3.46667 82 1.00243
3.46667 84 1.00245
3.46667 86 1.00246
3.46667 88 1.00247
3.46667 90 1.00247
3.6 0 1.00192
3.6 2 1.00192
3.6 4 1.00192
3.6 6 1.00192
3.6 8 1.00193
3.6 10 1.00193
3.6 12 1.00193
3.6 14 1.00193
3.6 16 1.00193
3.6 18 1.00192
3.6 20 1.00192
3.6 22 1.00192
3.6 24 1.00192
3.6 26 1.00192
3.6 28 1.00193
3.6 30 1.00195
3.6 32 1.00197
3.6 34 1.00199
3.6 36 1.00202
3.6 38 1.00205
3.6 40 1.00209
3.6 42 1.00212
3.6 44 1.00216
3.6 46 1.00219
3.6 48 1.00223
3.6 50 1.00227
3.6 52 1.00232
3.6 54 1.00236
3.6 56 1.00241
3.6 58 1.00246
3.6 60 1.00251
3.6 62 1.00255
3.6 64 1.0026
3.6 66 1.00264
3.6 68 1.00269
3.6 70 1.00272
3.6 72 1.00276
3.6 74 1.00279
3.6 76 1.00282
3.6 78 1.00285
3.6 80 1.00287
3.6 82 1.00289
3.6 84 1.0029
3.6 86 1.00291
3.6 88 1.00292
3.6 90 1.00292
3.73333 0 1.00247
3.73333 2 1.00247
3.73333 4 1.00248
3.73333 6 1.00248
3.73333 8 1.00248
3.73333 10 1.00248
3.73333 12 1.00248
3.73333 14 1.00248
3.73333 16 1.00248
3.73333 18 1.00247
3.73333 20 1.00247
3.73333 22 1.00247
3.73333 24 1.00247
3.73333 26 1.00248
3.73333 28 1.00249
3.73333 30 1.0025
3.73333 32 1.00252
3.73333 34 1.00254
3.73333 36 1.00257
3.73333 38 1.00259
3.73333 40 1.00262
3.73333 42 1.00265
3.73333 44 1.00268
3.73333 46 1.00271
3.73333 48 1.00275
3.73333 50 1.00278
3.73333 52 1.00282
3.73333 54 1.00286
3.73333 56 1.0029
3.73333 58 1.00294
3.73333 60 1.00298
3.73333 62 1.00302
3.73333 64 1.00306
3.73333 66 1.0031
3.73333 68 1.00313
3.73333 70 1.00316
3.73333 72 1.00319
3.73333 74 1.00321
3.73333 76 1.00324
3.73333 78 1.00325
3.73333 80 1.00327
3.73333 82 1.00328
3.73333 84 1.00329
3.73333 86 1.0033
3.73333 88 1.00331
3.73333 90 1.00331
3.86667 0 1.00296
3.86667 2 1.00296
3.86667 4 1.00296
3.86667 6 1.00296
3.86667 8 1.00296
3.86667 10 1.00296
3.86667 12 1.00297
3.86667 14 1.00296
3.86667 16 1.00296
3.86667 18 1.00296
3.86667 20 1.00296
3.86667 22 1.00296
3.86667 24 1.00296
3.86667 26 1.00297
3.86667 28 1.00298
3.86667 30 1.00299
3.86667 32 1.00301
3.86667 34 1.00303
3.86667 36 1.00305
3.86667 38 1.00307
3.86667 40 1.00309
3.86667 42 1.00311
3.86667 44 1.00314
3.86667 46 1.00317
3.86667 48 1.0032
3.86667 50 1.00323
3.86667 52 1.00326
3.86667 54 1.0033
3.86667 56 1.00333
3.86667 58 1.00336
3.86667 60 1.0034
3.86667 62 1.00343
3.86667 64 1.00346
3.86667 66 1.00349
3.86667 68 1.00351
3.86667 70 1.00353
3.86667 72 1.00356
3.86667 74 1.00357
3.86667 76 1.00359
3.86667 78 1.0036
3.86667 80 1.00361
3.86667 82 1.00362
3.86667 84 1.00363
3.86667 86 1.00363
3.86667 88 1.00364
3.86667 90 1.00364
4 0 1.00338
4 2 1.00338
4 4 1.00338
4 6 1.00338
4 8 1.00338
4 10 1.00338
4 12 1.00339
4 14 1.00338
4 16 1.00338
4 18 1.00338
4 20 1.00338
4 22 1.00338
4 24 1.00339
4 26 1.00339
4 28 1.0034
4 30 1.00341
4 32 1.00342
4 34 1.00344
4 36 1.00346
4 38 1.00347
4 40 1.00349
4 42 1.00351
4 44 1.00353
4 46 1.00356
4 48 1.00358
4 50 1.00361
4 52 1.00364
4 54 1.00367
4 56 1.00369
4 58 1.00372
4 60 1.00375
4 62 1.00377
4 64 1.00379
4 66 1.00381
4 68 1.00383
4 70 1.00385
4 72 1.00386
4 74 1.00387
4 76 1.00388
4 78 1.00389
4 80 1.0039
4 82 1.00391
4 84 1.00391
4 86 1.00391
4 88 1.00392
4 90 1.00392
4.13333 0 1.00374
4.13333 2 1.00374
4.13333 4 1.00374
4.13333 6 1.00374
4.13333 8 1.00374
4.13333 10 1.00374
4.13333 12 1.00374
4.13333 14 1.00374
4.13333 16 1.00374
4.13333 18 1.00374
4.13333 20 1.00374
4.13333 22 1.00374
4.13333 24 1.00374
4.13333 26 1.00375
4.13333 28 1.00375
4.13333 30 1.00376
4.13333 32 1.00378
4.13333 34 1.00379
4.13333 36 1.0038
4.13333 38 1.00382
4.13333 40 1.00383
4.13333 42 1.00385
4.13333 44 1.00387
4.13333 46 1.00389
4.13333 48 1.00391
4.13333 50 1.00393
4.13333 52 1.00395
4.13333 54 1.00398
4.13333 56 1.004
4.13333 58 1.00402
4.13333 60 1.00404
4.13333 62 1.00405
4.13333 64 1.00407
4.13333 66 1.00408
4.13333 68 1.0041
4.13333 70 1.00411
4.13333 72 1.00412
4.13333 74 1.00412
4.13333 76 1.00413
4.13333 78 1.00413
4.13333 80 1.00414
4.13333 82 1.00414
4.13333 84 1.00414
4.13333 86 1.00415
4.13333 88 1.00415
4.13333 90 1.00415
4.26667 0 1.00403
4.26667 2 1.00403
4.26667 4 1.00403
4.26667 6 1.00403
4.26667 8 1.00403
4.26667 10 1.00403
4.26667 12 1.00403
4.26667 14 1.00403
4.26667 16 1.00403
4.26667 18 1.00403
4.26667 20 1.00403
4.26667 22 1.00403
4.26667 24 1.00404
4.26667 26 1.00404
4.26667 28 1.00405
4.26667 30 1.00406
4.26667 32 1.00406
4.26667 34 1.00407
4.26667 36 1.00409
4.26667 38 1.0041
4.26667 40 1.00411
4.26667 42 1.00412
4.26667 44 1.00414
4.26667 46 1.00416
4.26667 48 1.00418
4.26667 50 1.00419
4.26667 52 1.00421
4.26667 54 1.00423
4.26667 56 1.00424
4.26667 58 1.00426
4.26667 60 1.00427
4.26667 62 1.00428
4.26667 64 1.00429
4.26667 66 1.0043
4.26667 68 1.00431
4.26667 70 1.00432
4.26667 72 1.00432
4.26667 74 1.00432
4.26667 76 1.00433
4.26667 78 1.00433
4.26667 80 1.00433
4.26667 82 1.00433
4.26667 84 1.00434
4.26667 86 1.00434
4.26667 88 1.00434
4.26667 90 1.00434
4.4 0 1.00427
4.4 2 1.00427
4.4 4 1.00427
4.4 6 1.00427
4.4 8 1.00427
4.4 10 1.00427
4.4 12 1.00427
4.4 14 1.00427
4.4 16 1.00427
4.4 18 1.00427
4.4 20 1.00427
4.4 22 1.00427
4.4 24 1.00428
4.4 26 1.00428
4.4 28 1.00429
4.4 30 1.00429
4.4 32 1.0043
4.4 34 1.00431
4.4 36 1.00432
4.4 38 1.00433
4.4 40 1.00434
4.4 42 1.00435
4.4 44 1.00436
4.4 46 1.00438
4.4 48 1.00439
4.4 50 1.0044
4.4 52 1.00442
4.4 54 1.00443
4.4 56 1.00444
4.4 58 1.00445
4.4 60 1.00446
4.4 62 1.00447
4.4 64 1.00447
4.4 66 1.00448
4.4 68 1.00448
4.4 70 1.00448
4.4 72 1.00449
4.4 74 1.00449
4.4 76 1.00449
4.4 78 1.00449
4.4 80 1.00449
4.4 82 1.00449
4.4 84 1.00449
4.4 86 1.00449
4.4 88 1.00449
4.4 90 1.00449
4.53333 0 1.00446
4.53333 2 1.00446
4.53333 4 1.00446
4.53333 6 1.00446
4.53333 8 1.00446
4.53333 10 1.00446
4.53333 12 1.00446
4.53333 14 1.00446
4.53333 16 1.00446
4.53333 18 1.00446
4.53333 20 1.00446
4.53333 22 1.00446
4.53333 24 1.00447
4.53333 26 1.00447
4.53333 28 1.00448
4.53333 30 1.00448
4.53333 32 1.00449
4.53333 34 1.00449
4.53333 36 1.0045
4.53333 38 1.00451
4.53333 40 1.00452
4.53333 42 1.00453
4.53333 44 1.00454
4.53333 46 1.00455
4.53333 48 1.00456
4.53333 50 1.00457
4.53333 52 1.00458
4.53333 54 1.00459
4.53333 56 1.00459
4.53333 58 1.0046
4.53333 60 1.00461
4.53333 62 1.00461
4.53333 64 1.00461
4.53333 66 1.00462
4.53333 68 1.00462
4.53333 70 1.00462
4.53333 72 1.00462
4.53333 74 1.00462
4.53333 76 1.00462
4.53333 78 1.00462
4.53333 80 1.00462
4.53333 82 1.00462
4.53333 84 1.00462
4.53333 86 1.00462
4.53333 88 1.00462
4.53333 90 1.00462
4.66667 0 1.00461
4.66667 2 1.00461
4.66667 4 1.00461
4.66667 6 1.00461
4.66667 8 1.00461
4.66667 10 1.00461
4.66667 12 1.00461
4.66667 14 1.00461
4.66667 16 1.00461
4.66667 18 1.00461
4.66667 20 1.00461
4.66667 22 1.00462
4.66667 24 1.00462
4.66667 26 1.00462
4.66667 28 1.00462
4.66667 30 1.00463
4.66667 32 1.00463
4.66667 34 1.00464
4.66667 36 1.00464
4.66667 38 1.00465
4.66667 40 1.00466
4.66667 42 1.00467
4.66667 44 1.00467
4.66667 46 1.00468
4.66667 48 1.00469
4.66667 50 1.0047
4.66667 52 1.0047
4.66667 54 1.00471
4.66667 56 1.00471
4.66667 58 1.00472
4.66667 60 1.00472
4.66667 62 1.00472
4.66667 64 1.00472
4.66667 66 1.00472
4.66667 68 1.00472
4.66667 70 1.00472
4.66667 72 1.00472
4.66667 74 1.00472
4.66667 76 1.00472
4.66667 78 1.00472
4.66667 80 1.00472
4.66667 82 1.00472
4.66667 84 1.00472
4.66667 86 1.00472
4.66667 88 1.00472
4.66667 90 1.00472
4.8 0 1.00473
4.8 2 1.00473
4.8 4 1.00473
4.8 6 1.00473
4.8 8 1.00473
4.8 10 1.00473
4.8 12 1.00473
4.8 14 1.00473
4.8 16 1.00473
4.8 18 1.00473
4.8 20 1.00473
4.8 22 1.00473
4.8 24 1.00473
4.8 26 1.00474
4.8 28 1.00474
4.8 30 1.00474
4.8 32 1.00475
4.8 34 1.00475
4.8 36 1.00476
4.8 38 1.00476
4.8 40 1.00477
4.8 42 1.00477
4.8 44 1.00478
4.8 46 1.00479
4.8 48 1.00479
4.8 50 1.0048
4.8 52 1.0048
4.8 54 1.0048
4.8 56 1.00481
4.8 58 1.00481
4.8 60 1.00481
4.8 62 1.00481
4.8 64 1.00481
4.8 66 1.00481
4.8 68 1.00481
4.8 70 1.00481
4.8 72 1.00481
4.8 74 1.00481
4.8 76 1.0048
4.8 78 1.0048
4.8 80 1.0048
4.8 82 1.0048
4.8 84 1.0048
4.8 86 1.0048
4.8 88 1.0048
4.8 90 1.0048
4.93333 0 1.00482
4.93333 2 1.00482
4.93333 4 1.00482
4.93333 6 1.00482
4.93333 8 1.00482
4.93333 10 1.00482
4.93333 12 1.00482
4.93333 14 1.00482
4.93333 16 1.00482
4.93333 18 1.00482
4.93333 20 1.00482
4.93333 22 1.00482
4.93333 24 1.00482
4.93333 26 1.00483
4.93333 28 1.00483
4.93333 30 1.00483
4.93333 32 1.00483
4.93333 34 1.00484
4.93333 36 1.00484
4.93333 38 1.00485
4.93333 40 1.00485
4.93333 42 1.00485
4.93333 44 1.00486
4.93333 46 1.00486
4.93333 48 1.00487
4.93333 50 1.00487
4.93333 52 1.00487
4.93333 54 1.00487
4.93333 56 1.00487
4.93333 58 1.00488
4.93333 60 1.00488
4.93333 62 1.00488
4.93333 64 1.00487
4.93333 66 1.00487
4.93333 68 1.00487
4.93333 70 1.00487
4.93333 72 1.00487
4.93333 74 1.00487
4.93333 76 1.00487
4.93333 78 1.00487
4.93333 80 1.00487
4.93333 82 1.00487
4.93333 84 1.00487
4.93333 86 1.00487
4.93333 88 1.00486
4.93333 90 1.00486
5.06667 0 1.00489
5.06667 2 1.00489
5.06667 4 1.00489
5.06667 6 1.00489
5.06667 8 1.00489
5.06667 10 1.00489
5.06667 12 1.00489
5.06667 14 1.00489
5.06667 16 1.00489
5.06667 18 1.00489
5.06667 20 1.00489
5.06667 22 1.00489
5.06667 24 1.00489
5.06667 26 1.00489
5.06667 28 1.00489
5.06667 30 1.0049
5.06667 32 1.0049
5.06667 34 1.0049
5.06667 36 1.0049
5.06667 38 1.00491
5.06667 40 1.00491
5.06667 42 1.00492
5.06667 44 1.00492
5.06667 46 1.00492
5.06667 48 1.00492
5.06667 50 1.00493
5.06667 52 1.00493
5.06667 54 1.00493
5.06667 56 1.00493
5.06667 58 1.00493
5.06667 60 1.00493
5.06667 62 1.00493
5.06667 64 1.00493
5.06667 66 1.00492
5.06667 68 1.00492
5.06667 70 1.00492
5.06667 72 1.00492
5.06667 74 1.00492
5.06667 76 1.00492
5.06667 78 1.00492
5.06667 80 1.00492
5.06667 82 1.00492
5.06667 84 1.00492
5.06667 86 1.00492
5.06667 88 1.00492
5.06667 90 1.00492
5.2 0 1.00494
5.2 2 1.00494
5.2 4 1.00494
5.2 6 1.00494
5.2 8 1.00494
5.2 10 1.00494
5.2 12 1.00494
5.2 14 1.00494
5.2 16 1.00494
5.2 18 1.00494
5.2 20 1.00494
5.2 22 1.00494
5.2 24 1.00494
5.2 26 1.00494
5.2 28 1.00494
5.2 30 1.00495
5.2 32 1.00495
5.2 34 1.00495
5.2 36 1.00495
5.2 38 1.00496
5.2 40 1.00496
5.2 42 1.00496
5.2 44 1.00496
5.2 46 1.00496
5.2 48 1.00497
5.2 50 1.00497
5.2 52 1.00497
5.2 54 1.00497
5.2 56 1.00497
5.2 58 1.00497
5.2 60 1.00497
5.2 62 1.00496
5.2 64 1.00496
5.2 66 1.00496
5.2 68 1.00496
5.2 70 1.00496
5.2 72 1.00496
5.2 74 1.00496
5.2 76 1.00496
5.2 78 1.00496
5.2 80 1.00496
5.2 82 1.00496
5.2 84 1.00496
5.2 86 1.00496
5.2 88 1.00496
5.2 90 1.00495
5.33333 0 1.00498
5.33333 2 1.00498
5.33333 4 1.00498
5.33333 6 1.00498
5.33333 8 1.00498
5.33333 10 1.00498
5.33333 12 1.00498
5.33333 14 1.00498
5.33333 16 1.00498
5.33333 18 1.00498
5.33333 20 1.00498
5.33333 22 1.00498
5.33333 24 1.00498
5.33333 26 1.00498
5.33333 28 1.00498
5.33333 30 1.00498
5.33333 32 1.00498
5.33333 34 1.00499
5.33333 36 1.00499
5.33333 38 1.00499
5.33333 40 1.00499
5.33333 42 1.00499
5.33333 44 1.00499
5.33333 46 1.005
5.33333 48 1.005
5.33333 50 1.005
5.33333 52 1.005
5.33333 54 1.005
5.33333 56 1.005
5.33333 58 1.005
5.33333 60 1.00499
5.33333 62 1.00499
5.33333 64 1.00499
5.33333 66 1.00499
5.33333 68 1.00499
5.33333 70 1.00499
5.33333 72 1.00499
5.33333 74 1.00499
5.33333 76 1.00499
5.33333 78 1.00499
5.33333 80 1.00499
5.33333 82 1.00499
5.33333 84 1.00499
5.33333 86 1.00499
5.33333 88 1.00499
5.33333 90 1.00499
5.46667 0 1.00501
5.46667 2 1.00501
5.46667 4 1.00501
5.46667 6 1.00501
5.46667 8 1.00501
5.46667 10 1.00501
5.46667 12 1.00501
5.46667 14 1.00501
5.46667 16 1.00501
5.46667 18 1.00501
5.46667 20 1.00501
5.46667 22 1.00501
5.46667 24 1.00501
5.46667 26 1.00501
5.46667 28 1.00501
5.46667 30 1.00501
5.46667 32 1.00501
5.46667 34 1.00501
5.46667 36 1.00501
5.46667 38 1.00502
5.46667 40 1.00502
5.46667 42 1.00502
5.46667 44 1.00502
5.46667 46 1.00502
5.46667 48 1.00502
5.46667 50 1.00502
5.46667 52 1.00502
5.46667 54 1.00502
5.46667 56 1.00502
5.46667 58 1.00502
5.46667 60 1.00502
5.46667 62 1.00502
5.46667 64 1.00502
5.46667 66 1.00501
5.46667 68 1.00501
5.46667 70 1.00501
5.46667 72 1.00501
5.46667 74 1.00501
5.46667 76 1.00501
5.46667 78 1.00501
5.46667 80 1.00501
5.46667 82 1.00501
5.46667 84 1.00501
5.46667 86 1.00501
5.46667 88 1.00501
5.46667 90 1.00501
5.6 0 1.00503
5.6 2 1.00503
5.6 4 1.00503
5.6 6 1.00503
5.6 8 1.00503
5.6 10 1.00503
5.6 12 1.00503
5.6 14 1.00503
5.6 16 1.00503
5.6 18 1.00503
5.6 20 1.00503
5.6 22 1.00503
5.6 24 1.00503
5.6 26 1.00503
5.6 28 1.00503
5.6 30 1.00503
5.6 32 1.00503
5.6 34 1.00503
5.6 36 1.00503
5.6 38 1.00503
5.6 40 1.00503
5.6 42 1.00504
5.6 44 1.00504
5.6 46 1.00504
5.6 48 1.00504
5.6 50 1.00504
5.6 52 1.00504
5.6 54 1.00504
5.6 56 1.00503
5.6 58 1.00503
5.6 60 1.00503
5.6 62 1.00503
5.6 64 1.00503
5.6 66 1.00503
5.6 68 1.00503
5.6 70 1.00503
5.6 72 1.00503
5.6 74 1.00503
5.6 76 1.00503
5.6 78 1.00503
5.6 80 1.00503
5.6 82 1.00503
5.6 84 1.00503
5.6 86 1.00503
5.6 88 1.00503
5.6 90 1.00503
5.73333 0 1.00504
5.73333 2 1.00504
5.73333 4 1.00504
5.73333 6 1.00504
5.73333 8 1.00504
5.73333 10 1.00504
5.73333 12 1.00504
5.73333 14 1.00504
5.73333 16 1.00504
5.73333 18 1.00504
5.73333 20 1.00504
5.73333 22 1.00504
5.73333 24 1.00504
5.73333 26 1.00504
5.73333 28 1.00504
5.73333 30 1.00504
5.73333 32 1.00504
5.73333 34 1.00505
5.73333 36 1.00505
5.73333 38 1.00505
5.73333 40 1.00505
5.73333 42 1.00505
5.73333 44 1.00505
5.73333 46 1.00505
5.73333 48 1.00505
5.73333 50 1.00505
5.73333 52 1.00505
5.73333 54 1.00505
5.73333 56 1.00505
5.73333 58 1.00505
5.73333 60 1.00505
5.73333 62 1.00505
5.73333 64 1.00504
5.73333 66 1.00504
5.73333 68 1.00504
5.73333 70 1.00504
5.73333 72 1.00504
5.73333 74 1.00504
5.73333 76 1.00504
5.73333 78 1.00504
5.73333 80 1.00504
5.73333 82 1.00504
5.73333 84 1.00504
5.73333 86 1.00504
5.73333 88 1.00504
5.73333 90 1.00504
5.86667 0 1.00505
5.86667 2 1.00505
5.86667 4 1.00505
5.86667 6 1.00505
5.86667 8 1.00505
5.86667 10 1.00505
5.86667 12 1.00505
5.86667 14 1.00505
5.86667 16 1.00505
5.86667 18 1.00505
5.86667 20 1.00505
5.86667 22 1.00505
5.86667 24 1.00505
5.86667 26 1.00505
5.86667 28 1.00505
5.86667 30 1.00505
5.86667 32 1.00506
5.86667 34 1.00506
5.86667 36 1.00506
5.86667 38 1.00506
5.86667 40 1.00506
5.86667 42 1.00506
5.86667 44 1.00506
5.86667 46 1.00506
5.86667 48 1.00506
5.86667 50 1.00506
5.86667 52 1.00506
5.86667 54 1.00506
5.86667 56 1.00506
5.86667 58 1.00506
5.86667 60 1.00506
5.86667 62 1.00505
5.86667 64 1.00505
5.86667 66 1.00505
5.86667 68 1.00505
5.86667 70 1.00505
5.86667 72 1.00505
5.86667 74 1.00505
5.86667 76 1.00505
5.86667 78 1.00505
5.86667 80 1.00505
5.86667 82 1.00505
5.86667 84 1.00505
5.86667 86 1.00505
5.86667 88 1.00505
5.86667 90 1.00505
6 0 1.00506
6 2 1.00506
6 4 1.00506
6 6 1.00506
6 8 1.00506
6 10 1.00506
6 12 1.00506
6 14 1.00506
6 16 1.00506
6 18 1.00506
6 20 1.00506
6 22 1.00506
6 24 1.00506
6 26 1.00506
6 28 1.00506
6 30 1.00506
6 32 1.00506
6 34 1.00506
6 36 1.00506
6 38 1.00506
6 40 1.00506
6 42 1.00506
6 44 1.00506
6 46 1.00506
6 48 1.00506
6 50 1.00506
6 52 1.00506
6 54 1.00506
6 56 1.00506
6 58 1.00506
6 60 1.00506
6 62 1.00506
6 64 1.00506
6 66 1.00506
6 68 1.00506
6 70 1.00506
6 72 1.00506
6 74 1.00506
6 76 1.00506
6 78 1.00506
6 80 1.00506
6 82 1.00506
6 84 1.00506
6 86 1.00506
6 88 1.00506
6 90 1.00506
6.13333 0 1.00507
6.13333 2 1.00507
6.13333 4 1.00507
6.13333 6 1.00507
6.13333 8 1.00507
6.13333 10 1.00507
6.13333 12 1.00507
6.13333 14 1.00507
6.13333 16 1.00507
6.13333 18 1.00507
6.13333 20 1.00507
6.13333 22 1.00507
6.13333 24 1.00507
6.13333 26 1.00507
6.13333 28 1.00507
6.13333 30 1.00507
6.13333 32 1.00507
6.13333 34 1.00507
6.13333 36 1.00507
6.13333 38 1.00507
6.13333 40 1.00507
6.13333 42 1.00507
6.13333 44 1.00507
6.13333 46 1.00507
6.13333 48 1.00507
6.13333 50 1.00507
6.13333 52 1.00507
6.13333 54 1.00507
6.13333 56 1.00507
6.13333 58 1.00507
6.13333 60 1.00507
6.13333 62 1.00507
6.13333 64 1.00507
6.13333 66 1.00507
6.13333 68 1.00507
6.13333 70 1.00507
6.13333 72 1.00507
6.13333 74 1.00507
6.13333 76 1.00507
6.13333 78 1.00507
6.13333 80 1.00507
6.13333 82 1.00507
6.13333 84 1.00507
6.13333 86 1.00507
6.13333 88 1.00506
6.13333 90 1.00506
6.26667 0 1.00507
6.26667 2 1.00507
6.26667 4 1.00507
6.26667 6 1.00507
6.26667 8 1.00507
6.26667 10 1.00507
6.26667 12 1.00507
6.26667 14 1.00507
6.26667 16 1.00507
6.26667 18 1.00507
6.26667 20 1.00507
6.26667 22 1.00507
6.26667 24 1.00507
6.26667 26 1.00507
6.26667 28 1.00507
6.26667 30 1.00507
6.26667 32 1.00507
6.26667 34 1.00507
6.26667 36 1.00507
6.26667 38 1.00507
6.26667 40 1.00507
6.26667 42 1.00507
6.26667 44 1.00507
6.26667 46 1.00507
6.26667 48 1.00507
6.26667 50 1.00507
6.26667 52 1.00507
6.26667 54 1.00507
6.26667 56 1.00507
6.26667 58 1.00507
6.26667 60 1.00507
6.26667 62 1.00507
6.26667 64 1.00507
6.26667 66 1.00507
6.26667 68 1.00507
6.26667 70 1.00507
6.26667 72 1.00507
6.26667 74 1.00507
6.26667 76 1.00507
6.26667 78 1.00507
6.26667 80 1.00507
6.26667 82 1.00507
6.26667 84 1.00507
6.26667 86 1.00507
6.26667 88 1.00507
6.26667 90 1.00507
6.4 0 1.00507
6.4 2 1.00507
6.4 4 1.00507
6.4 6 1.00507
6.4 8 1.00507
6.4 10 1.00507
6.4 12 1.00507
6.4 14 1.00507
6.4 16 1.00507
6.4 18 1.00507
6.4 20 1.00507
6.4 22 1.00507
6.4 24 1.00507
6.4 26 1.00507
6.4 28 1.00507
6.4 30 1.00507
6.4 32 1.00508
6.4 34 1.00508
6.4 36 1.00508
6.4 38 1.00508
6.4 40 1.00508
6.4 42 1.00508
6.4 44 1.00508
6.4 46 1.00508
6.4 48 1.00508
6.4 50 1.00507
6.4 52 1.00507
6.4 54 1.00507
6.4 56 1.00507
6.4 58 1.00507
6.4 60 1.00507
6.4 62 1.00507
6.4 64 1.00507
6.4 66 1.00507
6.4 68 1.00507
6.4 70 1.00507
6.4 72 1.00507
6.4 74 1.00507
6.4 76 1.00507
6.4 78 1.00507
6.4 80 1.00507
6.4 82 1.00507
6.4 84 1.00507
6.4 86 1.00507
6.4 88 1.00507
6.4 90 1.00507
6.53333 0 1.00508
6.53333 2 1.00508
6.53333 4 1.00508
6.53333 6 1.00508
6.53333 8 1.00508
6.53333 10 1.00508
6.53333 12 1.00508
6.53333 14 1.00508
6.53333 16 1.00508
6.53333 18 1.00508
6.53333 20 1.00508
6.53333 22 1.00508
6.53333 24 1.00508
6.53333 26 1.00508
6.53333 28 1.00508
6.53333 30 1.00508
6.53333 32 1.00508
6.53333 34 1.00508
6.53333 36 1.00508
6.53333 38 1.00508
6.53333 40 1.00508
6.53333 42 1.00508
6.53333 44 1.00508
6.53333 46 1.00508
6.53333 48 1.00508
6.53333 50 1.00508
6.53333 52 1.00508
6.53333 54 1.00508
6.53333 56 1.00508
6.53333 58 1.00508
6.53333 60 1.00508
6.53333 62 1.00508
6.53333 64 1.00508
6.53333 66 1.00508
6.53333 68 1.00508
6.53333 70 1.00508
6.53333 72 1.00508
6.53333 74 1.00508
6.53333 76 1.00508
6.53333 78 1.00508
6.53333 80 1.00508
6.53333 82 1.00508
6.53333 84 1.00508
6.53333 86 1.00508
6.53333 88 1.00508
6.53333 90 1.00508
6.66667 0 1.00508
6.66667 2 1.00508
6.66667 4 1.00508
6.66667 6 1.00508
6.66667 8 1.00508
6.66667 10 1.00508
6.66667 12 1.00508
6.66667 14 1.00508
6.66667 16 1.00508
6.66667 18 1.00508
6.66667 20 1.00508
6.66667 22 1.00508
6.66667 24 1.00508
6.66667 26 1.00508
6.66667 28 1.00508
6.66667 30 1.00508
6.66667 32 1.00508
6.66667 34 1.00508
6.66667 36 1.00508
6.66667 38 1.00508
6.66667 40 1.00508
6.66667 42 1.00508
6.66667 44 1.00508
6.66667 46 1.00508
6.66667 48 1.00508
6.66667 50 1.00508
6.66667 52 1.00508
6.66667 54 1.00508
6.66667 56 1.00508
6.66667 58 1.00508
6.66667 60 1.00508
6.66667 62 1.00508
6.66667 64 1.00508
6.66667 66 1.00508
6.66667 68 1.00508
6.66667 70 1.00508
6.66667 72 1.00508
6.66667 74 1.00508
6.66667 76 1.00508
6.66667 78 1.00508
6.66667 80 1.00508
6.66667 82 1.00508
6.66667 84 1.00508
6.66667 86 1.00508
6.66667 88 1.00508
6.66667 90 1.00508
6.8 0 1.00508
6.8 2 1.00508
6.8 4 1.00508
6.8 6 1.00508
6.8 8 1.00508
6.8 10 1.00508
6.8 12 1.00508
6.8 14 1.00508
6.8 16 1.00508
6.8 18 1.00508
6.8 20 1.00508
6.8 22 1.00508
6.8 24 1.00508
6.8 26 1.00508
6.8 28 1.00508
6.8 30 1.00508
6.8 32 1.00508
6.8 34 1.00508
6.8 36 1.00508
6.8 38 1.00508
6.8 40 1.00508
6.8 42 1.00508
6.8 44 1.00508
6.8 46 1.00508
6.8 48 1.00508
6.8 50 1.00508
6.8 52 1.00508
6.8 54 1.00508
6.8 56 1.00508
6.8 58 1.00508
6.8 60 1.00508
6.8 62 1.00508
6.8 64 1.00508
6.8 66 1.00508
6.8 68 1.00508
6.8 70 1.00508
6.8 72 1.00508
6.8 74 1.00508
6.8 76 1.00508
6.8 78 1.00508
6.8 80 1.00508
6.8 82 1.00508
6.8 84 1.00508
6.8 86 1.00508
6.8 88 1.00508
6.8 90 1.00508
6.93333 0 1.00508
6.93333 2 1.00508
6.93333 4 1.00508
6.93333 6 1.00508
6.93333 8 1.00508
6.93333 10 1.00508
6.93333 12 1.00508
6.93333 14 1.00508
6.93333 16 1.00508
6.93333 18 1.00508
6.93333 20 1.00508
6.93333 22 1.00508
6.93333 24 1.00508
6.93333 26 1.00508
6.93333 28 1.00508
6.93333 30 1.00508
6.93333 32 1.00508
6.93333 34 1.00508
6.93333 36 1.00508
6.93333 38 1.00508
6.93333 40 1.00508
6.93333 42 1.00508
6.93333 44 1.00508
6.93333 46 1.00508
6.93333 48 1.00508
6.93333 50 1.00508
6.93333 52 1.00508
6.93333 54 1.00508
6.93333 56 1.00508
6.93333 58 1.00508
6.93333 60 1.00508
6.93333 62 1.00508
6.93333 64 1.00508
6.93333 66 1.00508
6.93333 68 1.00508
6.93333 70 1.00508
6.93333 72 1.00508
6.93333 74 1.00508
6.93333 76 1.00508
6.93333 78 1.00508
6.93333 80 1.00508
6.93333 82 1.00508
6.93333 84 1.00508
6.93333 86 1.00508
6.93333 88 1.00508
6.93333 90 1.00508
7.06667 0 1.00508
7.06667 2 1.00508
7.06667 4 1.00508
7.06667 6 1.00508
7.06667 8 1.00508
7.06667 10 1.00508
7.06667 12 1.00508
7.06667 14 1.00508
7.06667 16 1.00508
7.06667 18 1.00508
7.06667 20 1.00508
7.06667 22 1.00508
7.06667 24 1.00508
7.06667 26 1.00508
7.06667 28 1.00508
7.06667 30 1.00508
7.06667 32 1.00508
7.06667 34 1.00508
7.06667 36 1.00508
7.06667 38 1.00508
7.06667 40 1.00508
7.06667 42 1.00508
7.06667 44 1.00508
7.06667 46 1.00508
7.06667 48 1.00508
7.06667 50 1.00508
7.06667 52 1.00508
7.06667 54 1.00508
7.06667 56 1.00508
7.06667 58 1.00508
7.06667 60 1.00508
7.06667 62 1.00508
7.06667 64 1.00508
7.06667 66 1.00508
7.06667 68 1.00508
7.06667 70 1.00508
7.06667 72 1.00508
7.06667 74 1.00508
7.06667 76 1.00508
7.06667 78 1.00508
7.06667 80 1.00508
7.06667 82 1.00508
7.06667 84 1.00508
7.06667 86 1.00508
7.06667 88 1.00508
7.06667 90 1.00508
7.2 0 1.00508
7.2 2 1.00508
7.2 4 1.00508
7.2 6 1.00508
7.2 8 1.00508
7.2 10 1.00508
7.2 12 1.00508
7.2 14 1.00508
7.2 16 1.00508
7.2 18 1.00508
7.2 20 1.00508
7.2 22 1.00508
7.2 24 1.00508
7.2 26 1.00508
7.2 28 1.00508
7.2 30 1.00508
7.2 32 1.00508
7.2 34 1.00508
7.2 36 1.00508
7.2 38 1.00508
7.2 40 1.00508
7.2 42 1.00508
7.2 44 1.00508
7.2 46 1.00508
7.2 48 1.00508
7.2 50 1.00508
7.2 52 1.00508
7.2 54 1.00508
7.2 56 1.00508
7.2 58 1.00508
7.2 60 1.00508
7.2 62 1.00508
7.2 64 1.00508
7.2 66 1.00508
7.2 68 1.00508
7.2 70 1.00508
7.2 72 1.00508
7.2 74 1.00508
7.2 76 1.00508
7.2 78 1.00508
7.2 80 1.00508
7.2 82 1.00508
7.2 84 1.00508
7.2 86 1.00508
7.2 88 1.00508
7.2 90 1.00508
7.33333 0 1.00508
7.33333 2 1.00508
7.33333 4 1.00508
7.33333 6 1.00508
7.33333 8 1.00508
7.33333 10 1.00508
7.33333 12 1.00508
7.33333 14 1.00508
7.33333 16 1.00508
7.33333 18 1.00508
7.33333 20 1.00508
7.33333 22 1.00508
7.33333 24 1.00508
7.33333 26 1.00508
7.33333 28 1.00508
7.33333 30 1.00508
7.33333 32 1.00508
7.33333 34 1.00508
7.33333 36 1.00508
7.33333 38 1.00508
7.33333 40 1.00508
7.33333 42 1.00508
7.33333 44 1.00508
7.33333 46 1.00508
7.33333 48 1.00508
7.33333 50 1.00508
7.33333 52 1.00508
7.33333 54 1.00508
7.33333 56 1.00508
7.33333 58 1.00508
7.33333 60 1.00508
7.33333 62 1.00508
7.33333 64 1.00508
7.33333 66 1.00508
7.33333 68 1.00508
7.33333 70 1.00508
7.33333 72 1.00508
7.33333 74 1.00508
7.33333 76 1.00508
7.33333 78 1.00508
7.33333 80 1.00508
7.33333 82 1.00508
7.33333 84 1.00508
7.33333 86 1.00508
7.33333 88 1.00508
7.33333 90 1.00508
7.46667 0 1.00508
7.46667 2 1.00508
7.46667 4 1.00508
7.46667 6 1.00508
7.46667 8 1.00508
7.46667 10 1.00508
7.46667 12 1.00508
7.46667 14 1.00508
7.46667 16 1.00508
7.46667 18 1.00508
7.46667 20 1.00508
7.46667 22 1.00508
7.46667 24 1.00508
7.46667 26 1.00508
7.46667 28 1.00508
7.46667 30 1.00508
7.46667 32 1.00508
7.46667 34 1.00508
7.46667 36 1.00508
7.46667 38 1.00508
7.46667 40 1.00508
7.46667 42 1.00508
7.46667 44 1.00508
7.46667 46 1.00508
7.46667 48 1.00508
7.46667 50 1.00508
7.46667 52 1.00508
7.46667 54 1.00508
7.46667 56 1.00508
7.46667 58 1.00508
7.46667 60 1.00508
7.46667 62 1.00508
7.46667 64 1.00508
7.46667 66 1.00508
7.46667 68 1.00508
7.46667 70 1.00508
7.46667 72 1.00508
7.46667 74 1.00508
7.46667 76 1.00508
7.46667 78 1.00508
7.46667 80 1.00508
7.46667 82 1.00508
7.46667 84 1.00508
7.46667 86 1.00508
7.46667 88 1.00508
7.46667 90 1.00508
7.6 0 1.00508
7.6 2 1.00508
7.6 4 1.00508
7.6 6 1.00508
7.6 8 1.00508
7.6 10 1.00508
7.6 12 1.00508
7.6 14 1.00508
7.6 16 1.00508
7.6 18 1.00508
7.6 20 1.00508
7.6 22 1.00508
7.6 24 1.00508
7.6 26 1.00508
7.6 28 1.00508
7.6 30 1.00508
7.6 32 1.00508
7.6 34 1.00508
7.6 36 1.00508
7.6 38 1.00508
7.6 40 1.00508
7.6 42 1.00508
7.6 44 1.00508
7.6 46 1.00508
7.6 48 1.00508
7.6 50 1.00508
7.6 52 1.00508
7.6 54 1.00508
7.6 56 1.00508
7.6 58 1.00508
7.6 60 1.00508
7.6 62 1.00508
7.6 64 1.00508
7.6 66 1.00508
7.6 68 1.00508
7.6 70 1.00508
7.6 72 1.00508
7.6 74 1.00508
7.6 76 1.00508
7.6 78 1.00508
7.6 80 1.00508
7.6 82 1.00508
7.6 84 1.00508
7.6 86 1.00508
7.6 88 1.00508
7.6 90 1.00508
7.73333 0 1.00508
7.73333 2 1.00508
7.73333 4 1.00508
7.73333 6 1.00508
7.73333 8 1.00508
7.73333 10 1.00508
7.73333 12 1.00508
7.73333 14 1.00508
7.73333 16 1.00508
7.73333 18 1.00508
7.73333 20 1.00508
7.73333 22 1.00508
7.73333 24 1.00508
7.73333 26 1.00508
7.73333 28 1.00508
7.73333 30 1.00508
7.73333 32 1.00508
7.73333 34 1.00508
7.73333 36 1.00508
7.73333 38 1.00508
7.73333 40 1.00508
7.73333 42 1.00508
7.73333 44 1.00508
7.73333 46 1.00508
7.73333 48 1.00508
7.73333 50 1.00508
7.73333 52 1.00508
7.73333 54 1.00508
7.73333 56 1.00508
7.73333 58 1.00508
7.73333 60 1.00508
7.73333 62 1.00508
7.73333 64 1.00508
7.73333 66 1.00508
7.73333 68 1.00508
7.73333 70 1.00508
7.73333 72 1.00508
7.73333 74 1.00508
7.73333 76 1.00508
7.73333 78 1.00508
7.73333 80 1.00508
7.73333 82 1.00508
7.73333 84 1.00508
7.73333 86 1.00508
7.73333 88 1.00508
7.73333 90 1.00508
7.86667 0 1.00508
7.86667 2 1.00508
7.86667 4 1.00508
7.86667 6 1.00508
7.86667 8 1.00508
7.86667 10 1.00508
7.86667 12 1.00508
7.86667 14 1.00508
7.86667 16 1.00508
7.86667 18 1.00508
7.86667 20 1.00508
7.86667 22 1.00508
7.86667 24 1.00508
7.86667 26 1.00508
7.86667 28 1.00508
7.86667 30 1.00508
7.86667 32 1.00508
7.86667 34 1.00508
7.86667 36 1.00508
7.86667 38 1.00508
7.86667 40 1.00508
7.86667 42 1.00508
7.86667 44 1.00508
7.86667 46 1.00508
7.86667 48 1.00508
7.86667 50 1.00508
7.86667 52 1.00508
7.86667 54 1.00508
7.86667 56 1.00508
7.86667 58 1.00508
7.86667 60 1.00508
7.86667 62 1.00508
7.86667 64 1.00508
7.86667 66 1.00508
7.86667 68 1.00508
7.86667 70 1.00508
7.86667 72 1.00508
7.86667 74 1.00508
7.86667 76 1.00508
7.86667 78 1.00508
7.86667 80 1.00508
7.86667 82 1.00508
7.86667 84 1.00508
7.86667 86 1.00508
7.86667 88 1.00508
7.86667 90 1.00508
8 0 1.00508
8 2 1.00508
8 4 1.00508
8 6 1.00508
8 8 1.00508
8 10 1.00508
8 12 1.00508
8 14 1.00508
8 16 1.00508
8 18 1.00508
8 20 1.00508
8 22 1.00508
8 24 1.00508
8 26 1.00508
8 28 1.00508
8 30 1.00508
8 32 1.00508
8 34 1.00508
8 36 1.00508
8 38 1.00508
8 40 1.00508
8 42 1.00508
8 44 1.00508
8 46 1.00508
8 48 1.00508
8 50 1.00508
8 52 1.00508
8 54 1.00508
8 56 1.00508
8 58 1.00508
8 60 1.00508
8 62 1.00508
8 64 1.00508
8 66 1.00508
8 68 1.00508
8 70 1.00508
8 72 1.00508
8 74 1.00508
8 76 1.00508
8 78 1.00508
8 80 1.00508
8 82 1.00508
8 84 1.00508
8 86 1.00508
8 88 1.00508
8 90 1.00508
8.13333 0 1.00508
8.13333 2 1.00508
8.13333 4 1.00508
8.13333 6 1.00508
8.13333 8 1.00508
8.13333 10 1.00508
8.13333 12 1.00508
8.13333 14 1.00508
8.13333 16 1.00508
8.13333 18 1.00508
8.13333 20 1.00508
8.13333 22 1.00508
8.13333 24 1.00508
8.13333 26 1.00508
8.13333 28 1.00508
8.13333 30 1.00508
8.13333 32 1.00508
8.13333 34 1.00508
8.13333 36 1.00508
8.13333 38 1.00508
8.13333 40 1.00508
8.13333 42 1.00508
8.13333 44 1.00508
8.13333 46 1.00508
8.13333 48 1.00508
8.13333 50 1.00508
8.13333 52 1.00508
8.13333 54 1.00508
8.13333 56 1.00508
8.13333 58 1.00508
8.13333 60 1.00508
8.13333 62 1.00508
8.13333 64 1.00508
8.13333 66 1.00508
8.13333 68 1.00508
8.13333 70 1.00508
8.13333 72 1.00508
8.13333 74 1.00508
8.13333 76 1.00508
8.13333 78 1.00508
8.13333 80 1.00508
8.13333 82 1.00508
8.13333 84 1.00508
8.13333 86 1.00508
8.13333 88 1.00508
8.13333 90 1.00508
8.26667 0 1.00508
8.26667 2 1.00508
8.26667 4 1.00508
8.26667 6 1.00508
8.26667 8 1.00508
8.26667 10 1.00508
8.26667 12 1.00508
8.26667 14 1.00508
8.26667 16 1.00508
8.26667 18 1.00508
8.26667 20 1.00508
8.26667 22 1.00508
8.26667 24 1.00508
8.26667 26 1.00508
8.26667 28 1.00508
8.26667 30 1.00508
8.26667 32 1.00508
8.26667 34 1.00508
8.26667 36 1.00508
8.26667 38 1.00508
8.26667 40 1.00508
8.26667 42 1.00508
8.26667 44 1.00508
8.26667 46 1.00508
8.26667 48 1.00508
8.26667 50 1.00508
8.26667 52 1.00508
8.26667 54 1.00508
8.26667 56 1.00508
8.26667 58 1.00508
8.26667 60 1.00508
8.26667 62 1.00508
8.26667 64 1.00508
8.26667 66 1.00508
8.26667 68 1.00508
8.26667 70 1.00508
8.26667 72 1.00508
8.26667 74 1.00508
8.26667 76 1.00508
8.26667 78 1.00508
8.26667 80 1.00508
8.26667 82 1.00508
8.26667 84 1.00508
8.26667 86 1.00508
8.26667 88 1.00508
8.26667 90 1.00508
8.4 0 1.00508
8.4 2 1.00508
8.4 4 1.00508
8.4 6 1.00508
8.4 8 1.00508
8.4 10 1.00508
8.4 12 1.00508
8.4 14 1.00508
8.4 16 1.00508
8.4 18 1.00508
8.4 20 1.00508
8.4 22 1.00508
8.4 24 1.00508
8.4 26 1.00508
8.4 28 1.00508
8.4 30 1.00508
8.4 32 1.00508
8.4 34 1.00508
8.4 36 1.00508
8.4 38 1.00508
8.4 40 1.00508
8.4 42 1.00508
8.4 44 1.00508
8.4 46 1.00508
8.4 48 1.00508
8.4 50 1.00508
8.4 52 1.00508
8.4 54 1.00508
8.4 56 1.00508
8.4 58 1.00508
8.4 60 1.00508
8.4 62 1.00508
8.4 64 1.00508
8.4 66 1.00508
8.4 68 1.00508
8.4 70 1.00508
8.4 72 1.00508
8.4 74 1.00508
8.4 76 1.00508
8.4 78 1.00508
8.4 80 1.00508
8.4 82 1.00508
8.4 84 1.00508
8.4 86 1.00508
8.4 88 1.00508
8.4 90 1.00508
8.53333 0 1.00508
8.53333 2 1.00508
8.53333 4 1.00508
8.53333 6 1.00508
8.53333 8 1.00508
8.53333 10 1.00508
8.53333 12 1.00508
8.53333 14 1.00508
8.53333 16 1.00508
8.53333 18 1.00508
8.53333 20 1.00508
8.53333 22 1.00508
8.53333 24 1.00508
8.53333 26 1.00508
8.53333 28 1.00508
8.53333 30 1.00508
8.53333 32 1.00508
8.53333 34 1.00508
8.53333 36 1.00508
8.53333 38 1.00508
8.53333 40 1.00508
8.53333 42 1.00508
8.53333 44 1.00508
8.53333 46 1.00508
8.53333 48 1.00508
8.53333 50 1.00508
8.53333 52 1.00508
8.53333 54 1.00508
8.53333 56 1.00508
8.53333 58 1.00508
8.53333 60 1.00508
8.53333 62 1.00508
8.53333 64 1.00508
8.53333 66 1.00508
8.53333 68 1.00508
8.53333 70 1.00508
8.53333 72 1.00508
8.53333 74 1.00508
8.53333 76 1.00508
8.53333 78 1.00508
8.53333 80 1.00508
8.53333 82 1.00508
8.53333 84 1.00508
8.53333 86 1.00508
8.53333 88 1.00508
8.53333 90 1.00508
8.66667 0 1.00508
8.66667 2 1.00508
8.66667 4 1.00508
8.66667 6 1.00508
8.66667 8 1.00508
8.66667 10 1.00508
8.66667 12 1.00508
8.66667 14 1.00508
8.66667 16 1.00508
8.66667 18 1.00508
8.66667 20 1.00508
8.66667 22 1.00508
8.66667 24 1.00508
8.66667 26 1.00508
8.66667 28 1.00508
8.66667 30 1.00508
8.66667 32 1.00508
8.66667 34 1.00508
8.66667 36 1.00508
8.66667 38 1.00508
8.66667 40 1.00508
8.66667 42 1.00508
8.66667 44 1.00508
8.66667 46 1.00508
8.66667 48 1.00508
8.66667 50 1.00508
8.66667 52 1.00508
8.66667 54 1.00508
8.66667 56 1.00508
8.66667 58 1.00508
8.66667 60 1.00508
8.66667 62 1.00508
8.66667 64 1.00508
8.66667 66 1.00508
8.66667 68 1.00508
8.66667 70 1.00508
8.66667 72 1.00508
8.66667 74 1.00508
8.66667 76 1.00508
8.66667 78 1.00508
8.66667 80 1.00508
8.66667 82 1.00508
8.66667 84 1.00508
8.66667 86 1.00508
8.66667 88 1.00508
8.66667 90 1.00508
8.8 0 1.00508
8.8 2 1.00508
8.8 4 1.00508
8.8 6 1.00508
8.8 8 1.00508
8.8 10 1.00508
8.8 12 1.00508
8.8 14 1.00508
8.8 16 1.00508
8.8 18 1.00508
8.8 20 1.00508
8.8 22 1.00508
8.8 24 1.00508
8.8 26 1.00508
8.8 28 1.00508
8.8 30 1.00508
8.8 32 1.00508
8.8 34 1.00508
8.8 36 1.00508
8.8 38 1.00508
8.8 40 1.00508
8.8 42 1.00508
8.8 44 1.00508
8.8 46 1.00508
8.8 48 1.00508
8.8 50 1.00508
8.8 52 1.00508
8.8 54 1.00508
8.8 56 1.00508
8.8 58 1.00508
8.8 60 1.00508
8.8 62 1.00508
8.8 64 1.00508
8.8 66 1.00508
8.8 68 1.00508
8.8 70 1.00508
8.8 72 1.00508
8.8 74 1.00508
8.8 76 1.00508
8.8 78 1.00508
8.8 80 1.00508
8.8 82 1.00508
8.8 84 1.00508
8.8 86 1.00508
8.8 88 1.00508
8.8 90 1.00508
8.93333 0 1.00508
8.93333 2 1.00508
8.93333 4 1.00508
8.93333 6 1.00508
8.93333 8 1.00508
8.93333 10 1.00508
8.93333 12 1.00508
8.93333 14 1.00508
8.93333 16 1.00508
8.93333 18 1.00508
8.93333 20 1.00508
8.93333 22 1.00508
8.93333 24 1.00508
8.93333 26 1.00508
8.93333 28 1.00508
8.93333 30 1.00508
8.93333 32 1.00508
8.93333 34 1.00508
8.93333 36 1.00508
8.93333 38 1.00508
8.93333 40 1.00508
8.93333 42 1.00508
8.93333 44 1.00508
8.93333 46 1.00508
8.93333 48 1.00508
8.93333 50 1.00508
8.93333 52 1.00508
8.93333 54 1.00508
8.93333 56 1.00508
8.93333 58 1.00508
8.93333 60 1.00508
8.93333 62 1.00508
8.93333 64 1.00508
8.93333 66 1.00508
8.93333 68 1.00508
8.93333 70 1.00508
8.93333 72 1.00508
8.93333 74 1.00508
8.93333 76 1.00508
8.93333 78 1.00508
8.93333 80 1.00508
8.93333 82 1.00508
8.93333 84 1.00508
8.93333 86 1.00508
8.93333 88 1.00508
8.93333 90 1.00508
9.06667 0 1.00508
9.06667 2 1.00508
9.06667 4 1.00508
9.06667 6 1.00508
9.06667 8 1.00508
9.06667 10 1.00508
9.06667 12 1.00508
9.06667 14 1.00508
9.06667 16 1.00508
9.06667 18 1.00508
9.06667 20 1.00508
9.06667 22 1.00508
9.06667 24 1.00508
9.06667 26 1.00508
9.06667 28 1.00508
9.06667 30 1.00508
9.06667 32 1.00508
9.06667 34 1.00508
9.06667 36 1.00508
9.06667 38 1.00508
9.06667 40 1.00508
9.06667 42 1.00508
9.06667 44 1.00508
9.06667 46 1.00508
9.06667 48 1.00508
9.06667 50 1.00508
9.06667 52 1.00508
9.06667 54 1.00508
9.06667 56 1.00508
9.06667 58 1.00508
9.06667 60 1.00508
9.06667 62 1.00508
9.06667 64 1.00508
9.06667 66 1.00508
9.06667 68 1.00508
9.06667 70 1.00508
9.06667 72 1.00508
9.06667 74 1.00508
9.06667 76 1.00508
9.06667 78 1.00508
9.06667 80 1.00508
9.06667 82 1.00508
9.06667 84 1.00508
9.06667 86 1.00508
9.06667 88 1.00508
9.06667 90 1.00508
9.2 0 1.00508
9.2 2 1.00508
9.2 4 1.00508
9.2 6 1.00508
9.2 8 1.00508
9.2 10 1.00508
9.2 12 1.00508
9.2 14 1.00508
9.2 16 1.00508
9.2 18 1.00508
9.2 20 1.00508
9.2 22 1.00508
9.2 24 1.00508
9.2 26 1.00508
9.2 28 1.00508
9.2 30 1.00508
9.2 32 1.00508
9.2 34 1.00508
9.2 36 1.00508
9.2 38 1.00508
9.2 40 1.00508
9.2 42 1.00508
9.2 44 1.00508
9.2 46 1.00508
9.2 48 1.00508
9.2 50 1.00508
9.2 52 1.00508
9.2 54 1.00508
9.2 56 1.00508
9.2 58 1.00508
9.2 60 1.00508
9.2 62 1.00508
9.2 64 1.00508
9.2 66 1.00508
9.2 68 1.00508
9.2 70 1.00508
9.2 72 1.00508
9.2 74 1.00508
9.2 76 1.00508
9.2 78 1.00508
9.2 80 1.00508
9.2 82 1.00508
9.2 84 1.00508
9.2 86 1.00508
9.2 88 1.00508
9.2 90 1.00508
9.33333 0 1.00508
9.33333 2 1.00508
9.33333 4 1.00508
9.33333 6 1.00508
9.33333 8 1.00508
9.33333 10 1.00508
9.33333 12 1.00508
9.33333 14 1.00508
9.33333 16 1.00508
9.33333 18 1.00508
9.33333 20 1.00508
9.33333 22 1.00508
9.33333 24 1.00508
9.33333 26 1.00508
9.33333 28 1.00508
9.33333 30 1.00508
9.33333 32 1.00508
9.33333 34 1.00508
9.33333 36 1.00508
9.33333 38 1.00508
9.33333 40 1.00508
9.33333 42 1.00508
9.33333 44 1.00508
9.33333 46 1.00508
9.33333 48 1.00508
9.33333 50 1.00508
9.33333 52 1.00508
9.33333 54 1.00508
9.33333 56 1.00508
9.33333 58 1.00508
9.33333 60 1.00508
9.33333 62 1.00508
9.33333 64 1.00508
9.33333 66 1.00508
9.33333 68 1.00508
9.33333 70 1.00508
9.33333 72 1.00508
9.33333 74 1.00508
9.33333 76 1.00508
9.33333 78 1.00508
9.33333 80 1.00508
9.33333 82 1.00508
9.33333 84 1.00508
9.33333 86 1.00508
9.33333 88 1.00508
9.33333 90 1.00508
9.46667 0 1.00508
9.46667 2 1.00508
9.46667 4 1.00508
9.46667 6 1.00508
9.46667 8 1.00508
9.46667 10 1.00508
9.46667 12 1.00508
9.46667 14 1.00508
9.46667 16 1.00508
9.46667 18 1.00508
9.46667 20 1.00508
9.46667 22 1.00508
9.46667 24 1.00508
9.46667 26 1.00508
9.46667 28 1.00508
9.46667 30 1.00508
9.46667 32 1.00508
9.46667 34 1.00508
9.46667 36 1.00508
9.46667 38 1.00508
9.46667 40 1.00508
9.46667 42 1.00508
9.46667 44 1.00508
9.46667 46 1.00508
9.46667 48 1.00508
9.46667 50 1.00508
9.46667 52 1.00508
9.46667 54 1.00508
9.46667 56 1.00508
9.46667 58 1.00508
9.46667 60 1.00508
9.46667 62 1.00508
9.46667 64 1.00508
9.46667 66 1.00508
9.46667 68 1.00508
9.46667 70 1.00508
9.46667 72 1.00508
9.46667 74 1.00508
9.46667 76 1.00508
9.46667 78 1.00508
9.46667 80 1.00508
9.46667 82 1.00508
9.46667 84 1.00508
9.46667 86 1.00508
9.46667 88 1.00508
9.46667 90 1.00508
9.6 0 1.00508
9.6 2 1.00508
9.6 4 1.00508
9.6 6 1.00508
9.6 8 1.00508
9.6 10 1.00508
9.6 12 1.00508
9.6 14 1.00508
9.6 16 1.00508
9.6 18 1.00508
9.6 20 1.00508
9.6 22 1.00508
9.6 24 1.00508
9.6 26 1.00508
9.6 28 1.00508
9.6 30 1.00508
9.6 32 1.00508
9.6 34 1.00508
9.6 36 1.00508
9.6 38 1.00508
9.6 40 1.00508
9.6 42 1.00508
9.6 44 1.00508
9.6 46 1.00508
9.6 48 1.00508
9.6 50 1.00508
9.6 52 1.00508
9.6 54 1.00508
9.6 56 1.00508
9.6 58 1.00508
9.6 60 1.00508
9.6 62 1.00508
9.6 64 1.00508
9.6 66 1.00508
9.6 68 1.00508
9.6 70 1.00508
9.6 72 1.00508
9.6 74 1.00508
9.6 76 1.00508
9.6 78 1.00508
9.6 80 1.00508
9.6 82 1.00508
9.6 84 1.00508
9.6 86 1.00508
9.6 88 1.00508
9.6 90 1.00508
9.73333 0 1.00508
9.73333 2 1.00508
9.73333 4 1.00508
9.73333 6 1.00508
9.73333 8 1.00508
9.73333 10 1.00508
9.73333 12 1.00508
9.73333 14 1.00508
9.73333 16 1.00508
9.73333 18 1.00508
9.73333 20 1.00508
9.73333 22 1.00508
9.73333 24 1.00508
9.73333 26 1.00508
9.73333 28 1.00508
9.73333 30 1.00508
9.73333 32 1.00508
9.73333 34 1.00508
9.73333 36 1.00508
9.73333 38 1.00508
9.73333 40 1.00508
9.73333 42 1.00508
9.73333 44 1.00508
9.73333 46 1.00508
9.73333 48 1.00508
9.73333 50 1.00508
9.73333 52 1.00508
9.73333 54 1.00508
9.73333 56 1.00508
9.73333 58 1.00508
9.73333 60 1.00508
9.73333 62 1.00508
9.73333 64 1.00508
9.73333 66 1.00508
9.73333 68 1.00508
9.73333 70 1.00508
9.73333 72 1.00508
9.73333 74 1.00508
9.73333 76 1.00508
9.73333 78 1.00508
9.73333 80 1.00508
9.73333 82 1.00508
9.73333 84 1.00508
9.73333 86 1.00508
9.73333 88 1.00508
9.73333 90 1.00508
9.86667 0 1.00508
9.86667 2 1.00508
9.86667 4 1.00508
9.86667 6 1.00508
9.86667 8 1.00508
9.86667 10 1.00508
9.86667 12 1.00508
9.86667 14 1.00508
9.86667 16 1.00508
9.86667 18 1.00508
9.86667 20 1.00508
9.86667 22 1.00508
9.86667 24 1.00508
9.86667 26 1.00508
9.86667 28 1.00508
9.86667 30 1.00508
9.86667 32 1.00508
9.86667 34 1.00508
9.86667 36 1.00508
9.86667 38 1.00508
9.86667 40 1.00508
9.86667 42 1.00508
9.86667 44 1.00508
9.86667 46 1.00508
9.86667 48 1.00508
9.86667 50 1.00508
9.86667 52 1.00508
9.86667 54 1.00508
9.86667 56 1.00508
9.86667 58 1.00508
9.86667 60 1.00508
9.86667 62 1.00508
9.86667 64 1.00508
9.86667 66 1.00508
9.86667 68 1.00508
9.86667 70 1.00508
9.86667 72 1.00508
9.86667 74 1.00508
9.86667 76 1.00508
9.86667 78 1.00508
9.86667 80 1.00508
9.86667 82 1.00508
9.86667 84 1.00508
9.86667 86 1.00508
9.86667 88 1.00508
9.86667 90 1.00508
10 0 1.00508
10 2 1.00508
10 4 1.00508
10 6 1.00508
10 8 1.00508
10 10 1.00508
10 12 1.00508
10 14 1.00508
10 16 1.00508
10 18 1.00508
10 20 1.00508
10 22 1.00508
10 24 1.00508
10 26 1.00508
10 28 1.00508
10 30 1.00508
10 32 1.00508
10 34 1.00508
10 36 1.00508
10 38 1.00508
10 40 1.00508
10 42 1.00508
10 44 1.00508
10 46 1.00508
10 48 1.00508
10 50 1.00508
10 52 1.00508
10 54 1.00508
10 56 1.00508
10 58 1.00508
10 60 1.00508
10 62 1.00508
10 64 1.00508
10 66 1.00508
10 68 1.00508
10 70 1.00508
10 72 1.00508
10 74 1.00508
10 76 1.00508
10 78 1.00508
10 80 1.00508
10 82 1.00508
10 84 1.00508
10 86 1.00508
10 88 1.00508
10 90 1.00508
10.1333 0 1.00508
10.1333 2 1.00508
10.1333 4 1.00508
10.1333 6 1.00508
10.1333 8 1.00508
10.1333 10 1.00508
10.1333 12 1.00508
10.1333 14 1.00508
10.1333 16 1.00508
10.1333 18 1.00508
10.1333 20 1.00508
10.1333 22 1.00508
10.1333 24 1.00508
10.1333 26 1.00508
10.1333 28 1.00508
10.1333 30 1.00508
10.1333 32 1.00508
10.1333 34 1.00508
10.1333 36 1.00508
10.1333 38 1.00508
10.1333 40 1.00508
10.1333 42 1.00508
10.1333 44 1.00508
10.1333 46 1.00508
10.1333 48 1.00508
10.1333 50 1.00508
10.1333 52 1.00508
10.1333 54 1.00508
10.1333 56 1.00508
10.1333 58 1.00508
10.1333 60 1.00508
10.1333 62 1.00508
10.1333 64 1.00508
10.1333 66 1.00508
10.1333 68 1.00508
10.1333 70 1.00508
10.1333 72 1.00508
10.1333 74 1.00508
10.1333 76 1.00508
10.1333 78 1.00508
10.1333 80 1.00508
10.1333 82 1.00508
10.1333 84 1.00508
10.1333 86 1.00508
10.1333 88 1.00508
10.1333 90 1.00508
10.2667 0 1.00508
10.2667 2 1.00508
10.2667 4 1.00508
10.2667 6 1.00508
10.2667 8 1.00508
10.2667 10 1.00508
10.2667 12 1.00508
10.2667 14 1.00508
10.2667 16 1.00508
10.2667 18 1.00508
10.2667 20 1.00508
10.2667 22 1.00508
10.2667 24 1.00508
10.2667 26 1.00508
10.2667 28 1.00508
10.2667 30 1.00508
10.2667 32 1.00508
10.2667 34 1.00508
10.2667 36 1.00508
10.2667 38 1.00508
10.2667 40 1.00508
10.2667 42 1.00508
10.2667 44 1.00508
10.2667 46 1.00508
10.2667 48 1.00508
10.2667 50 1.00508
10.2667 52 1.00508
10.2667 54 1.00508
10.2667 56 1.00508
10.2667 58 1.00508
10.2667 60 1.00508
10.2667 62 1.00508
10.2667 64 1.00508
10.2667 66 1.00508
10.2667 68 1.00508
10.2667 70 1.00508
10.2667 72 1.00508
10.2667 74 1.00508
10.2667 76 1.00508
10.2667 78 1.00508
10.2667 80 1.00508
10.2667 82 1.00508
10.2667 84 1.00508
10.2667 86 1.00508
10.2667 88 1.00508
10.2667 90 1.00508
10.4 0 1.00508
10.4 2 1.00508
10.4 4 1.00508
10.4 6 1.00508
10.4 8 1.00508
10.4 10 1.00508
10.4 12 1.00508
10.4 14 1.00508
10.4 16 1.00508
10.4 18 1.00508
10.4 20 1.00508
10.4 22 1.00508
10.4 24 1.00508
10.4 26 1.00508
10.4 28 1.00508
10.4 30 1.00508
10.4 32 1.00508
10.4 34 1.00508
10.4 36 1.00508
10.4 38 1.00508
10.4 40 1.00508
10.4 42 1.00508
10.4 44 1.00508
10.4 46 1.00508
10.4 48 1.00508
10.4 50 1.00508
10.4 52 1.00508
10.4 54 1.00508
10.4 56 1.00508
10.4 58 1.00508
10.4 60 1.00508
10.4 62 1.00508
10.4 64 1.00508
10.4 66 1.00508
10.4 68 1.00508
10.4 70 1.00508
10.4 72 1.00508
10.4 74 1.00508
10.4 76 1.00508
10.4 78 1.00508
10.4 80 1.00508
10.4 82 1.00508
10.4 84 1.00508
10.4 86 1.00508
10.4 88 1.00508
10.4 90 1.00508
10.5333 0 1.00508
10.5333 2 1.00508
10.5333 4 1.00508
10.5333 6 1.00508
10.5333 8 1.00508
10.5333 10 1.00508
10.5333 12 1.00508
10.5333 14 1.00508
10.5333 16 1.00508
10.5333 18 1.00508
10.5333 20 1.00508
10.5333 22 1.00508
10.5333 24 1.00508
10.5333 26 1.00508
10.5333 28 1.00508
10.5333 30 1.00508
10.5333 32 1.00508
10.5333 34 1.00508
10.5333 36 1.00508
10.5333 38 1.00508
10.5333 40 1.00508
10.5333 42 1.00508
10.5333 44 1.00508
10.5333 46 1.00508
10.5333 48 1.00508
10.5333 50 1.00508
10.5333 52 1.00508
10.5333 54 1.00508
10.5333 56 1.00508
10.5333 58 1.00508
10.5333 60 1.00508
10.5333 62 1.00508
10.5333 64 1.00508
10.5333 66 1.00508
10.5333 68 1.00508
10.5333 70 1.00508
10.5333 72 1.00508
10.5333 74 1.00508
10.5333 76 1.00508
10.5333 78 1.00508
10.5333 80 1.00508
10.5333 82 1.00508
10.5333 84 1.00508
10.5333 86 1.00508
10.5333 88 1.00508
10.5333 90 1.00508
10.6667 0 1.00508
10.6667 2 1.00508
10.6667 4 1.00508
10.6667 6 1.00508
10.6667 8 1.00508
10.6667 10 1.00508
10.6667 12 1.00508
10.6667 14 1.00508
10.6667 16 1.00508
10.6667 18 1.00508
10.6667 20 1.00508
10.6667 22 1.00508
10.6667 24 1.00508
10.6667 26 1.00508
10.6667 28 1.00508
10.6667 30 1.00508
10.6667 32 1.00508
10.6667 34 1.00508
10.6667 36 1.00508
10.6667 38 1.00508
10.6667 40 1.00508
10.6667 42 1.00508
10.6667 44 1.00508
10.6667 46 1.00508
10.6667 48 1.00508
10.6667 50 1.00508
10.6667 52 1.00508
10.6667 54 1.00508
10.6667 56 1.00508
10.6667 58 1.00508
10.6667 60 1.00508
10.6667 62 1.00508
10.6667 64 1.00508
10.6667 66 1.00508
10.6667 68 1.00508
10.6667 70 1.00508
10.6667 72 1.00508
10.6667 74 1.00508
10.6667 76 1.00508
10.6667 78 1.00508
10.6667 80 1.00508
10.6667 82 1.00508
10.6667 84 1.00508
10.6667 86 1.00508
10.6667 88 1.00508
10.6667 90 1.00508
10.8 0 1.00508
10.8 2 1.00508
10.8 4 1.00508
10.8 6 1.00508
10.8 8 1.00508
10.8 10 1.00508
10.8 12 1.00508
10.8 14 1.00508
10.8 16 1.00508
10.8 18 1.00508
10.8 20 1.00508
10.8 22 1.00508
10.8 24 1.00508
10.8 26 1.00508
10.8 28 1.00508
10.8 30 1.00508
10.8 32 1.00508
10.8 34 1.00508
10.8 36 1.00508
10.8 38 1.00508
10.8 40 1.00508
10.8 42 1.00508
10.8 44 1.00508
10.8 46 1.00508
10.8 48 1.00508
10.8 50 1.00508
10.8 52 1.00508
10.8 54 1.00508
10.8 56 1.00508
10.8 58 1.00508
10.8 60 1.00508
10.8 62 1.00508
10.8 64 1.00508
10.8 66 1.00508
10.8 68 1.00508
10.8 70 1.00508
10.8 72 1.00508
10.8 74 1.00508
10.8 76 1.00508
10.8 78 1.00508
10.8 80 1.00508
10.8 82 1.00508
10.8 84 1.00508
10.8 86 1.00508
10.8 88 1.00508
10.8 90 1.00508
10.9333 0 1.00508
10.9333 2 1.00508
10.9333 4 1.00508
10.9333 6 1.00508
10.9333 8 1.00508
10.9333 10 1.00508
10.9333 12 1.00508
10.9333 14 1.00508
10.9333 16 1.00508
10.9333 18 1.00508
10.9333 20 1.00508
10.9333 22 1.00508
10.9333 24 1.00508
10.9333 26 1.00508
10.9333 28 1.00508
10.9333 30 1.00508
10.9333 32 1.00508
10.9333 34 1.00508
10.9333 36 1.00508
10.9333 38 1.00508
10.9333 40 1.00508
10.9333 42 1.00508
10.9333 44 1.00508
10.9333 46 1.00508
10.9333 48 1.00508
10.9333 50 1.00508
10.9333 52 1.00508
10.9333 54 1.00508
10.9333 56 1.00508
10.9333 58 1.00508
10.9333 60 1.00508
10.9333 62 1.00508
10.9333 64 1.00508
10.9333 66 1.00508
10.9333 68 1.00508
10.9333 70 1.00508
10.9333 72 1.00508
10.9333 74 1.00508
10.9333 76 1.00508
10.9333 78 1.00508
10.9333 80 1.00508
10.9333 82 1.00508
10.9333 84 1.00508
10.9333 86 1.00508
10.9333 88 1.00508
10.9333 90 1.00508
11.0667 0 1.00508
11.0667 2 1.00508
11.0667 4 1.00508
11.0667 6 1.00508
11.0667 8 1.00508
11.0667 10 1.00508
11.0667 12 1.00508
11.0667 14 1.00508
11.0667 16 1.00508
11.0667 18 1.00508
11.0667 20 1.00508
11.0667 22 1.00508
11.0667 24 1.00508
11.0667 26 1.00508
11.0667 28 1.00508
11.0667 30 1.00508
11.0667 32 1.00508
11.0667 34 1.00508
11.0667 36 1.00508
11.0667 38 1.00508
11.0667 40 1.00508
11.0667 42 1.00508
11.0667 44 1.00508
11.0667 46 1.00508
11.0667 48 1.00508
11.0667 50 1.00508
11.0667 52 1.00508
11.0667 54 1.00508
11.0667 56 1.00508
11.0667 58 1.00508
11.0667 60 1.00508
11.0667 62 1.00508
11.0667 64 1.00508
11.0667 66 1.00508
11.0667 68 1.00508
11.0667 70 1.00508
11.0667 72 1.00508
11.0667 74 1.00508
11.0667 76 1.00508
11.0667 78 1.00508
11.0667 80 1.00508
11.0667 82 1.00508
11.0667 84 1.00508
11.0667 86 1.00508
11.0667 88 1.00508
11.0667 90 1.00508
11.2 0 1.00508
11.2 2 1.00508
11.2 4 1.00508
11.2 6 1.00508
11.2 8 1.00508
11.2 10 1.00508
11.2 12 1.00508
11.2 14 1.00508
11.2 16 1.00508
11.2 18 1.00508
11.2 20 1.00508
11.2 22 1.00508
11.2 24 1.00508
11.2 26 1.00508
11.2 28 1.00508
11.2 30 1.00508
11.2 32 1.00508
11.2 34 1.00508
11.2 36 1.00508
11.2 38 1.00508
11.2 40 1.00508
11.2 42 1.00508
11.2 44 1.00508
11.2 46 1.00508
11.2 48 1.00508
11.2 50 1.00508
11.2 52 1.00508
11.2 54 1.00508
11.2 56 1.00508
11.2 58 1.00508
11.2 60 1.00508
11.2 62 1.00508
11.2 64 1.00508
11.2 66 1.00508
11.2 68 1.00508
11.2 70 1.00508
11.2 72 1.00508
11.2 74 1.00508
11.2 76 1.00508
11.2 78 1.00508
11.2 80 1.00508
11.2 82 1.00508
11.2 84 1.00508
11.2 86 1.00508
11.2 88 1.00508
11.2 90 1.00508
11.3333 0 1.00508
11.3333 2 1.00508
11.3333 4 1.00508
11.3333 6 1.00508
11.3333 8 1.00508
11.3333 10 1.00508
11.3333 12 1.00508
11.3333 14 1.00508
11.3333 16 1.00508
11.3333 18 1.00508
11.3333 20 1.00508
11.3333 22 1.00508
11.3333 24 1.00508
11.3333 26 1.00508
11.3333 28 1.00508
11.3333 30 1.00508
11.3333 32 1.00508
11.3333 34 1.00508
11.3333 36 1.00508
11.3333 38 1.00508
11.3333 40 1.00508
11.3333 42 1.00508
11.3333 44 1.00508
11.3333 46 1.00508
11.3333 48 1.00508
11.3333 50 1.00508
11.3333 52 1.00508
11.3333 54 1.00508
11.3333 56 1.00508
11.3333 58 1.00508
11.3333 60 1.00508
11.3333 62 1.00508
11.3333 64 1.00508
11.3333 66 1.00508
11.3333 68 1.00508
11.3333 70 1.00508
11.3333 72 1.00508
11.3333 74 1.00508
11.3333 76 1.00508
11.3333 78 1.00508
11.3333 80 1.00508
11.3333 82 1.00508
11.3333 84 1.00508
11.3333 86 1.00508
11.3333 88 1.00508
11.3333 90 1.00508
11.4667 0 1.00508
11.4667 2 1.00508
11.4667 4 1.00508
11.4667 6 1.00508
11.4667 8 1.00508
11.4667 10 1.00508
11.4667 12 1.00508
11.4667 14 1.00508
11.4667 16 1.00508
11.4667 18 1.00508
11.4667 20 1.00508
11.4667 22 1.00508
11.4667 24 1.00508
11.4667 26 1.00508
11.4667 28 1.00508
11.4667 30 1.00508
11.4667 32 1.00508
11.4667 34 1.00508
11.4667 36 1.00508
11.4667 38 1.00508
11.4667 40 1.00508
11.4667 42 1.00508
11.4667 44 1.00508
11.4667 46 1.00508
11.4667 48 1.00508
11.4667 50 1.00508
11.4667 52 1.00508
11.4667 54 1.00508
11.4667 56 1.00508
11.4667 58 1.00508
11.4667 60 1.00508
11.4667 62 1.00508
11.4667 64 1.00508
11.4667 66 1.00508
11.4667 68 1.00508
11.4667 70 1.00508
11.4667 72 1.00508
11.4667 74 1.00508
11.4667 76 1.00508
11.4667 78 1.00508
11.4667 80 1.00508
11.4667 82 1.00508
11.4667 84 1.00508
11.4667 86 1.00508
11.4667 88 1.00508
11.4667 90 1.00508
11.6 0 1.00508
11.6 2 1.00508
11.6 4 1.00508
11.6 6 1.00508
11.6 8 1.00508
11.6 10 1.00508
11.6 12 1.00508
11.6 14 1.00508
11.6 16 1.00508
11.6 18 1.00508
11.6 20 1.00508
11.6 22 1.00508
11.6 24 1.00508
11.6 26 1.00508
11.6 28 1.00508
11.6 30 1.00508
11.6 32 1.00508
11.6 34 1.00508
11.6 36 1.00508
11.6 38 1.00508
11.6 40 1.00508
11.6 42 1.00508
11.6 44 1.00508
11.6 46 1.00508
11.6 48 1.00508
11.6 50 1.00508
11.6 52 1.00508
11.6 54 1.00508
11.6 56 1.00508
11.6 58 1.00508
11.6 60 1.00508
11.6 62 1.00508
11.6 64 1.00508
11.6 66 1.00508
11.6 68 1.00508
11.6 70 1.00508
11.6 72 1.00508
11.6 74 1.00508
11.6 76 1.00508
11.6 78 1.00508
11.6 80 1.00508
11.6 82 1.00508
11.6 84 1.00508
11.6 86 1.00508
11.6 88 1.00508
11.6 90 1.00508
11.7333 0 1.00508
11.7333 2 1.00508
11.7333 4 1.00508
11.7333 6 1.00508
11.7333 8 1.00508
11.7333 10 1.00508
11.7333 12 1.00508
11.7333 14 1.00508
11.7333 16 1.00508
11.7333 18 1.00508
11.7333 20 1.00508
11.7333 22 1.00508
11.7333 24 1.00508
11.7333 26 1.00508
11.7333 28 1.00508
11.7333 30 1.00508
11.7333 32 1.00508
11.7333 34 1.00508
11.7333 36 1.00508
11.7333 38 1.00508
11.7333 40 1.00508
11.7333 42 1.00508
11.7333 44 1.00508
11.7333 46 1.00508
11.7333 48 1.00508
11.7333 50 1.00508
11.7333 52 1.00508
11.7333 54 1.00508
11.7333 56 1.00508
11.7333 58 1.00508
11.7333 60 1.00508
11.7333 62 1.00508
11.7333 64 1.00508
11.7333 66 1.00508
11.7333 68 1.00508
11.7333 70 1.00508
11.7333 72 1.00508
11.7333 74 1.00508
11.7333 76 1.00508
11.7333 78 1.00508
11.7333 80 1.00508
11.7333 82 1.00508
11.7333 84 1.00508
11.7333 86 1.00508
11.7333 88 1.00508
11.7333 90 1.00508
11.8667 0 1.00508
11.8667 2 1.00508
11.8667 4 1.00508
11.8667 6 1.00508
11.8667 8 1.00508
11.8667 10 1.00508
11.8667 12 1.00508
11.8667 14 1.00508
11.8667 16 1.00508
11.8667 18 1.00508
11.8667 20 1.00508
11.8667 22 1.00508
11.8667 24 1.00508
11.8667 26 1.00508
11.8667 28 1.00508
11.8667 30 1.00508
11.8667 32 1.00508
11.8667 34 1.00508
11.8667 36 1.00508
11.8667 38 1.00508
11.8667 40 1.00508
11.8667 42 1.00508
11.8667 44 1.00508
11.8667 46 1.00508
11.8667 48 1.00508
11.8667 50 1.00508
11.8667 52 1.00508
11.8667 54 1.00508
11.8667 56 1.00508
11.8667 58 1.00508
11.8667 60 1.00508
11.8667 62 1.00508
11.8667 64 1.00508
11.8667 66 1.00508
11.8667 68 1.00508
11.8667 70 1.00508
11.8667 72 1.00508
11.8667 74 1.00508
11.8667 76 1.00508
11.8667 78 1.00508
11.8667 80 1.00508
11.8667 82 1.00508
11.8667 84 1.00508
11.8667 86 1.00508
11.8667 88 1.00508
11.8667 90 1.00508
12 0 1.00508
12 2 1.00508
12 4 1.00508
12 6 1.00508
12 8 1.00508
12 10 1.00508
12 12 1.00508
12 14 1.00508
12 16 1.00508
12 18 1.00508
12 20 1.00508
12 22 1.00508
12 24 1.00508
12 26 1.00508
12 28 1.00508
12 30 1.00508
12 32 1.00508
12 34 1.00508
12 36 1.00508
12 38 1.00508
12 40 1.00508
12 42 1.00508
12 44 1.00508
12 46 1.00508
12 48 1.00508
12 50 1.00508
12 52 1.00508
12 54 1.00508
12 56 1.00508
12 58 1.00508
12 60 1.00508
12 62 1.00508
12 64 1.00508
12 66 1.00508
12 68 1.00508
12 70 1.00508
12 72 1.00508
12 74 1.00508
12 76 1.00508
12 78 1.00508
12 80 1.00508
12 82 1.00508
12 84 1.00508
12 86 1.00508
12 88 1.00508
12 90 1.00508
