0.05 1.00158 1.00158 1.00158
0.1 1.00048 1.00048 1.00048
0.15 0.998932 0.998932 0.998932
0.2 0.997169 0.997169 0.997171
0.25 0.995134 0.995133 0.995142
0.3 0.992791 0.992789 0.992827
0.35 0.990069 0.990059 0.990708
0.4 0.98717 0.987155 0.986948
0.45 0.984532 0.984327 0.98482
0.5 0.98302 0.982335 0.982768
0.55 0.984071 0.983633 0.98367
0.6 0.990058 0.989972 0.989891
0.65 1.00506 1.00491 1.00378
0.7 1.03694 1.03189 1.0402
0.75 1.10358 1.0912 1.10194
0.8 1.2544 1.22812 1.23331
0.85 1.66084 1.6424 1.61198
0.9 3.1696 3.26166 3.05047
0.95 15.5362 15.1924 15.5553

