 0.000  0.1000E+01  0.1000E+01  0.1000E+01  0.1000E+01  0.1000E+01
        0.1000E+01  0.1000E+01  0.1000E+01  0.1000E+01  0.1000E+01
        0.1000E+01  0.1000E+01  0.1000E+01  0.1000E+01  0.1000E+01
 0.050  0.8963E+00  0.8951E+00  0.8939E+00  0.8928E+00  0.8918E+00
        0.8908E+00  0.8899E+00  0.8890E+00  0.8882E+00  0.8874E+00
        0.8867E+00  0.8860E+00  0.8853E+00  0.8847E+00  0.8842E+00
 0.100  0.8083E+00  0.8062E+00  0.8041E+00  0.8021E+00  0.8003E+00
        0.7986E+00  0.7970E+00  0.7955E+00  0.7940E+00  0.7927E+00
        0.7914E+00  0.7902E+00  0.7890E+00  0.7879E+00  0.7872E+00
 0.150  0.7318E+00  0.7289E+00  0.7261E+00  0.7235E+00  0.7210E+00
        0.7188E+00  0.7166E+00  0.7146E+00  0.7128E+00  0.7110E+00
        0.7093E+00  0.7077E+00  0.7062E+00  0.7048E+00  0.7039E+00
 0.200  0.6645E+00  0.6610E+00  0.6576E+00  0.6546E+00  0.6517E+00
        0.6490E+00  0.6465E+00  0.6441E+00  0.6420E+00  0.6399E+00
        0.6380E+00  0.6361E+00  0.6344E+00  0.6328E+00  0.6317E+00
 0.250  0.6048E+00  0.6008E+00  0.5971E+00  0.5936E+00  0.5904E+00
        0.5874E+00  0.5847E+00  0.5821E+00  0.5797E+00  0.5774E+00
        0.5753E+00  0.5733E+00  0.5715E+00  0.5697E+00  0.5685E+00
 0.300  0.5515E+00  0.5472E+00  0.5432E+00  0.5395E+00  0.5361E+00
        0.5329E+00  0.5299E+00  0.5272E+00  0.5247E+00  0.5223E+00
        0.5201E+00  0.5180E+00  0.5161E+00  0.5143E+00  0.5131E+00
 0.350  0.5038E+00  0.4993E+00  0.4951E+00  0.4912E+00  0.4876E+00
        0.4843E+00  0.4813E+00  0.4784E+00  0.4758E+00  0.4734E+00
        0.4712E+00  0.4691E+00  0.4671E+00  0.4652E+00  0.4640E+00
 0.400  0.4609E+00  0.4563E+00  0.4519E+00  0.4479E+00  0.4443E+00
        0.4409E+00  0.4378E+00  0.4350E+00  0.4324E+00  0.4299E+00
        0.4277E+00  0.4256E+00  0.4236E+00  0.4218E+00  0.4206E+00
 0.450  0.4223E+00  0.4175E+00  0.4131E+00  0.4091E+00  0.4054E+00
        0.4020E+00  0.3990E+00  0.3961E+00  0.3935E+00  0.3911E+00
        0.3889E+00  0.3868E+00  0.3849E+00  0.3831E+00  0.3820E+00
 0.500  0.3874E+00  0.3826E+00  0.3782E+00  0.3742E+00  0.3705E+00
        0.3672E+00  0.3641E+00  0.3613E+00  0.3587E+00  0.3564E+00
        0.3542E+00  0.3522E+00  0.3504E+00  0.3486E+00  0.3475E+00
 0.550  0.3558E+00  0.3511E+00  0.3467E+00  0.3427E+00  0.3391E+00
        0.3358E+00  0.3328E+00  0.3301E+00  0.3276E+00  0.3253E+00
        0.3232E+00  0.3213E+00  0.3195E+00  0.3178E+00  0.3168E+00
 0.600  0.3272E+00  0.3225E+00  0.3182E+00  0.3143E+00  0.3107E+00
        0.3075E+00  0.3046E+00  0.3019E+00  0.2995E+00  0.2973E+00
        0.2953E+00  0.2935E+00  0.2918E+00  0.2902E+00  0.2892E+00
 0.650  0.3013E+00  0.2966E+00  0.2924E+00  0.2885E+00  0.2851E+00
        0.2820E+00  0.2792E+00  0.2766E+00  0.2743E+00  0.2722E+00
        0.2703E+00  0.2685E+00  0.2669E+00  0.2655E+00  0.2645E+00
 0.700  0.2777E+00  0.2731E+00  0.2690E+00  0.2653E+00  0.2619E+00
        0.2589E+00  0.2562E+00  0.2537E+00  0.2515E+00  0.2495E+00
        0.2477E+00  0.2461E+00  0.2446E+00  0.2432E+00  0.2423E+00
 0.750  0.2562E+00  0.2518E+00  0.2478E+00  0.2442E+00  0.2409E+00
        0.2380E+00  0.2354E+00  0.2331E+00  0.2310E+00  0.2291E+00
        0.2274E+00  0.2259E+00  0.2244E+00  0.2232E+00  0.2224E+00
 0.800  0.2367E+00  0.2324E+00  0.2285E+00  0.2250E+00  0.2219E+00
        0.2191E+00  0.2166E+00  0.2144E+00  0.2124E+00  0.2107E+00
        0.2090E+00  0.2076E+00  0.2063E+00  0.2051E+00  0.2044E+00
 0.850  0.2189E+00  0.2147E+00  0.2109E+00  0.2076E+00  0.2046E+00
        0.2020E+00  0.1996E+00  0.1975E+00  0.1956E+00  0.1940E+00
        0.1925E+00  0.1911E+00  0.1899E+00  0.1888E+00  0.1881E+00
 0.900  0.2026E+00  0.1986E+00  0.1950E+00  0.1918E+00  0.1889E+00
        0.1864E+00  0.1842E+00  0.1822E+00  0.1804E+00  0.1789E+00
        0.1775E+00  0.1762E+00  0.1751E+00  0.1741E+00  0.1735E+00
 0.950  0.1878E+00  0.1839E+00  0.1804E+00  0.1774E+00  0.1746E+00
        0.1722E+00  0.1701E+00  0.1683E+00  0.1666E+00  0.1652E+00
        0.1639E+00  0.1627E+00  0.1617E+00  0.1608E+00  0.1602E+00
 1.000  0.1742E+00  0.1705E+00  0.1672E+00  0.1642E+00  0.1616E+00
        0.1594E+00  0.1574E+00  0.1556E+00  0.1541E+00  0.1527E+00
        0.1515E+00  0.1505E+00  0.1496E+00  0.1488E+00  0.1482E+00
 1.050  0.1618E+00  0.1582E+00  0.1550E+00  0.1522E+00  0.1498E+00
        0.1477E+00  0.1458E+00  0.1441E+00  0.1427E+00  0.1415E+00
        0.1404E+00  0.1394E+00  0.1386E+00  0.1378E+00  0.1374E+00
 1.100  0.1504E+00  0.1470E+00  0.1440E+00  0.1413E+00  0.1390E+00
        0.1370E+00  0.1352E+00  0.1337E+00  0.1324E+00  0.1312E+00
        0.1302E+00  0.1293E+00  0.1286E+00  0.1279E+00  0.1275E+00
 1.150  0.1400E+00  0.1368E+00  0.1339E+00  0.1313E+00  0.1291E+00
        0.1272E+00  0.1256E+00  0.1242E+00  0.1229E+00  0.1219E+00
        0.1210E+00  0.1202E+00  0.1195E+00  0.1189E+00  0.1186E+00
 1.200  0.1305E+00  0.1274E+00  0.1246E+00  0.1222E+00  0.1201E+00
        0.1184E+00  0.1168E+00  0.1155E+00  0.1144E+00  0.1134E+00
        0.1126E+00  0.1119E+00  0.1113E+00  0.1108E+00  0.1105E+00
 1.250  0.1217E+00  0.1188E+00  0.1161E+00  0.1139E+00  0.1119E+00
        0.1102E+00  0.1088E+00  0.1076E+00  0.1065E+00  0.1057E+00
        0.1049E+00  0.1043E+00  0.1038E+00  0.1033E+00  0.1031E+00
 1.300  0.1137E+00  0.1109E+00  0.1084E+00  0.1062E+00  0.1044E+00
        0.1028E+00  0.1015E+00  0.1004E+00  0.9941E-01  0.9862E-01
        0.9795E-01  0.9740E-01  0.9695E-01  0.9659E-01  0.9638E-01
 1.350  0.1063E+00  0.1036E+00  0.1012E+00  0.9921E-01  0.9749E-01
        0.9603E-01  0.9479E-01  0.9376E-01  0.9290E-01  0.9218E-01
        0.9159E-01  0.9112E-01  0.9073E-01  0.9043E-01  0.9026E-01
 1.400  0.9952E-01  0.9695E-01  0.9470E-01  0.9279E-01  0.9117E-01
        0.8981E-01  0.8867E-01  0.8772E-01  0.8694E-01  0.8630E-01
        0.8579E-01  0.8538E-01  0.8506E-01  0.8482E-01  0.8469E-01
 1.450  0.9326E-01  0.9082E-01  0.8869E-01  0.8689E-01  0.8538E-01
        0.8411E-01  0.8306E-01  0.8220E-01  0.8149E-01  0.8093E-01
        0.8048E-01  0.8014E-01  0.7988E-01  0.7970E-01  0.7961E-01
 1.500  0.8750E-01  0.8518E-01  0.8317E-01  0.8147E-01  0.8006E-01
        0.7888E-01  0.7792E-01  0.7714E-01  0.7651E-01  0.7601E-01
        0.7563E-01  0.7535E-01  0.7515E-01  0.7502E-01  0.7497E-01
 1.550  0.8219E-01  0.7998E-01  0.7808E-01  0.7649E-01  0.7517E-01
        0.7408E-01  0.7320E-01  0.7249E-01  0.7194E-01  0.7151E-01
        0.7119E-01  0.7097E-01  0.7082E-01  0.7075E-01  0.7073E-01
 1.600  0.7729E-01  0.7520E-01  0.7340E-01  0.7190E-01  0.7067E-01
        0.6967E-01  0.6887E-01  0.6823E-01  0.6774E-01  0.6738E-01
        0.6712E-01  0.6695E-01  0.6686E-01  0.6684E-01  0.6685E-01
 1.650  0.7276E-01  0.7078E-01  0.6908E-01  0.6768E-01  0.6653E-01
        0.6561E-01  0.6488E-01  0.6432E-01  0.6389E-01  0.6359E-01
        0.6339E-01  0.6327E-01  0.6323E-01  0.6326E-01  0.6330E-01
 1.700  0.6857E-01  0.6669E-01  0.6509E-01  0.6378E-01  0.6272E-01
        0.6187E-01  0.6121E-01  0.6071E-01  0.6035E-01  0.6011E-01
        0.5996E-01  0.5990E-01  0.5990E-01  0.5997E-01  0.6004E-01
 1.750  0.6470E-01  0.6291E-01  0.6141E-01  0.6018E-01  0.5920E-01
        0.5842E-01  0.5783E-01  0.5740E-01  0.5709E-01  0.5690E-01
        0.5681E-01  0.5679E-01  0.5685E-01  0.5696E-01  0.5706E-01
 1.800  0.6111E-01  0.5942E-01  0.5800E-01  0.5685E-01  0.5594E-01
        0.5524E-01  0.5471E-01  0.5434E-01  0.5409E-01  0.5395E-01
        0.5390E-01  0.5394E-01  0.5403E-01  0.5418E-01  0.5431E-01
 1.850  0.5778E-01  0.5617E-01  0.5484E-01  0.5377E-01  0.5293E-01
        0.5229E-01  0.5183E-01  0.5151E-01  0.5131E-01  0.5123E-01
        0.5123E-01  0.5130E-01  0.5144E-01  0.5163E-01  0.5179E-01
 1.900  0.5468E-01  0.5316E-01  0.5191E-01  0.5091E-01  0.5014E-01
        0.4957E-01  0.4916E-01  0.4889E-01  0.4875E-01  0.4871E-01
        0.4876E-01  0.4887E-01  0.4905E-01  0.4928E-01  0.4946E-01
 1.950  0.5180E-01  0.5037E-01  0.4919E-01  0.4826E-01  0.4756E-01
        0.4704E-01  0.4669E-01  0.4647E-01  0.4638E-01  0.4638E-01
        0.4647E-01  0.4663E-01  0.4684E-01  0.4711E-01  0.4731E-01
 2.000  0.4912E-01  0.4776E-01  0.4666E-01  0.4580E-01  0.4515E-01
        0.4469E-01  0.4439E-01  0.4423E-01  0.4418E-01  0.4423E-01
        0.4435E-01  0.4455E-01  0.4480E-01  0.4510E-01  0.4532E-01
 2.050  0.4662E-01  0.4534E-01  0.4430E-01  0.4350E-01  0.4292E-01
        0.4251E-01  0.4226E-01  0.4214E-01  0.4214E-01  0.4222E-01
        0.4239E-01  0.4262E-01  0.4291E-01  0.4324E-01  0.4348E-01
 2.100  0.4429E-01  0.4307E-01  0.4210E-01  0.4136E-01  0.4083E-01
        0.4048E-01  0.4028E-01  0.4020E-01  0.4024E-01  0.4036E-01
        0.4057E-01  0.4083E-01  0.4115E-01  0.4151E-01  0.4178E-01
 2.150  0.4211E-01  0.4096E-01  0.4005E-01  0.3937E-01  0.3889E-01
        0.3858E-01  0.3842E-01  0.3839E-01  0.3847E-01  0.3863E-01
        0.3887E-01  0.3917E-01  0.3952E-01  0.3990E-01  0.4019E-01
 2.200  0.4006E-01  0.3898E-01  0.3812E-01  0.3750E-01  0.3707E-01
        0.3681E-01  0.3669E-01  0.3670E-01  0.3681E-01  0.3701E-01
        0.3728E-01  0.3761E-01  0.3799E-01  0.3841E-01  0.3871E-01
 2.250  0.3814E-01  0.3712E-01  0.3632E-01  0.3574E-01  0.3536E-01
        0.3515E-01  0.3507E-01  0.3512E-01  0.3526E-01  0.3550E-01
        0.3580E-01  0.3616E-01  0.3657E-01  0.3701E-01  0.3733E-01
 2.300  0.3634E-01  0.3537E-01  0.3463E-01  0.3410E-01  0.3376E-01
        0.3359E-01  0.3355E-01  0.3363E-01  0.3381E-01  0.3408E-01
        0.3441E-01  0.3480E-01  0.3523E-01  0.3570E-01  0.3604E-01
 2.350  0.3464E-01  0.3372E-01  0.3303E-01  0.3255E-01  0.3225E-01
        0.3212E-01  0.3212E-01  0.3223E-01  0.3245E-01  0.3274E-01
        0.3310E-01  0.3352E-01  0.3398E-01  0.3447E-01  0.3483E-01
 2.400  0.3304E-01  0.3217E-01  0.3153E-01  0.3109E-01  0.3083E-01
        0.3073E-01  0.3077E-01  0.3092E-01  0.3116E-01  0.3148E-01
        0.3187E-01  0.3231E-01  0.3280E-01  0.3332E-01  0.3369E-01
 2.450  0.3153E-01  0.3071E-01  0.3010E-01  0.2971E-01  0.2949E-01
        0.2943E-01  0.2949E-01  0.2967E-01  0.2994E-01  0.3030E-01
        0.3071E-01  0.3118E-01  0.3169E-01  0.3223E-01  0.3261E-01
 2.500  0.3009E-01  0.2932E-01  0.2876E-01  0.2840E-01  0.2822E-01
        0.2819E-01  0.2829E-01  0.2849E-01  0.2879E-01  0.2917E-01
        0.2961E-01  0.3010E-01  0.3063E-01  0.3119E-01  0.3159E-01
 2.550  0.2874E-01  0.2801E-01  0.2749E-01  0.2716E-01  0.2701E-01
        0.2701E-01  0.2714E-01  0.2738E-01  0.2770E-01  0.2811E-01
        0.2857E-01  0.2908E-01  0.2963E-01  0.3021E-01  0.3063E-01
 2.600  0.2745E-01  0.2676E-01  0.2627E-01  0.2599E-01  0.2587E-01
        0.2590E-01  0.2605E-01  0.2632E-01  0.2667E-01  0.2709E-01
        0.2758E-01  0.2811E-01  0.2868E-01  0.2928E-01  0.2971E-01
 2.650  0.2622E-01  0.2557E-01  0.2512E-01  0.2487E-01  0.2478E-01
        0.2484E-01  0.2502E-01  0.2530E-01  0.2568E-01  0.2612E-01
        0.2663E-01  0.2718E-01  0.2778E-01  0.2840E-01  0.2883E-01
 2.700  0.2505E-01  0.2444E-01  0.2402E-01  0.2380E-01  0.2374E-01
        0.2382E-01  0.2403E-01  0.2434E-01  0.2473E-01  0.2520E-01
        0.2573E-01  0.2630E-01  0.2691E-01  0.2755E-01  0.2800E-01
 2.750  0.2394E-01  0.2335E-01  0.2297E-01  0.2278E-01  0.2274E-01
        0.2285E-01  0.2308E-01  0.2341E-01  0.2383E-01  0.2432E-01
        0.2486E-01  0.2545E-01  0.2608E-01  0.2673E-01  0.2720E-01
 2.800  0.2287E-01  0.2232E-01  0.2196E-01  0.2180E-01  0.2179E-01
        0.2192E-01  0.2217E-01  0.2253E-01  0.2296E-01  0.2347E-01
        0.2403E-01  0.2464E-01  0.2528E-01  0.2595E-01  0.2643E-01
 2.850  0.2184E-01  0.2132E-01  0.2100E-01  0.2086E-01  0.2087E-01
        0.2103E-01  0.2130E-01  0.2167E-01  0.2213E-01  0.2265E-01
        0.2323E-01  0.2386E-01  0.2451E-01  0.2520E-01  0.2568E-01
 2.900  0.2086E-01  0.2037E-01  0.2007E-01  0.1995E-01  0.1999E-01
        0.2017E-01  0.2046E-01  0.2085E-01  0.2132E-01  0.2186E-01
        0.2246E-01  0.2310E-01  0.2377E-01  0.2447E-01  0.2497E-01
 2.950  0.1991E-01  0.1945E-01  0.1917E-01  0.1908E-01  0.1914E-01
        0.1933E-01  0.1964E-01  0.2005E-01  0.2054E-01  0.2110E-01
        0.2171E-01  0.2237E-01  0.2305E-01  0.2377E-01  0.2427E-01
 3.000  0.1900E-01  0.1856E-01  0.1831E-01  0.1824E-01  0.1832E-01
        0.1853E-01  0.1886E-01  0.1928E-01  0.1979E-01  0.2036E-01
        0.2098E-01  0.2165E-01  0.2236E-01  0.2308E-01  0.2359E-01
