 0.000  0.2293E+01  0.2318E+01  0.2343E+01  0.2367E+01  0.2391E+01
        0.2413E+01  0.2435E+01  0.2456E+01  0.2476E+01  0.2496E+01
        0.2514E+01  0.2532E+01  0.2550E+01  0.2566E+01  0.2578E+01
 0.050  0.2062E+01  0.2085E+01  0.2107E+01  0.2128E+01  0.2148E+01
        0.2168E+01  0.2188E+01  0.2206E+01  0.2224E+01  0.2241E+01
        0.2257E+01  0.2273E+01  0.2288E+01  0.2302E+01  0.2312E+01
 0.100  0.1874E+01  0.1893E+01  0.1913E+01  0.1931E+01  0.1950E+01
        0.1967E+01  0.1984E+01  0.2001E+01  0.2016E+01  0.2031E+01
        0.2046E+01  0.2060E+01  0.2073E+01  0.2086E+01  0.2094E+01
 0.150  0.1713E+01  0.1730E+01  0.1747E+01  0.1764E+01  0.1780E+01
        0.1796E+01  0.1811E+01  0.1825E+01  0.1839E+01  0.1853E+01
        0.1865E+01  0.1878E+01  0.1890E+01  0.1901E+01  0.1908E+01
 0.200  0.1573E+01  0.1588E+01  0.1603E+01  0.1618E+01  0.1633E+01
        0.1647E+01  0.1660E+01  0.1673E+01  0.1686E+01  0.1698E+01
        0.1709E+01  0.1720E+01  0.1731E+01  0.1741E+01  0.1748E+01
 0.250  0.1449E+01  0.1463E+01  0.1477E+01  0.1490E+01  0.1503E+01
        0.1515E+01  0.1528E+01  0.1539E+01  0.1551E+01  0.1561E+01
        0.1572E+01  0.1582E+01  0.1591E+01  0.1600E+01  0.1606E+01
 0.300  0.1339E+01  0.1351E+01  0.1364E+01  0.1376E+01  0.1387E+01
        0.1399E+01  0.1410E+01  0.1420E+01  0.1431E+01  0.1440E+01
        0.1450E+01  0.1459E+01  0.1467E+01  0.1476E+01  0.1481E+01
 0.350  0.1240E+01  0.1251E+01  0.1263E+01  0.1273E+01  0.1284E+01
        0.1294E+01  0.1304E+01  0.1314E+01  0.1323E+01  0.1332E+01
        0.1341E+01  0.1349E+01  0.1357E+01  0.1365E+01  0.1370E+01
 0.400  0.1151E+01  0.1161E+01  0.1171E+01  0.1181E+01  0.1191E+01
        0.1200E+01  0.1210E+01  0.1218E+01  0.1227E+01  0.1235E+01
        0.1243E+01  0.1251E+01  0.1258E+01  0.1265E+01  0.1270E+01
 0.450  0.1071E+01  0.1080E+01  0.1089E+01  0.1098E+01  0.1107E+01
        0.1115E+01  0.1124E+01  0.1132E+01  0.1140E+01  0.1148E+01
        0.1155E+01  0.1162E+01  0.1169E+01  0.1175E+01  0.1180E+01
 0.500  0.9973E+00  0.1006E+01  0.1014E+01  0.1022E+01  0.1030E+01
        0.1038E+01  0.1046E+01  0.1054E+01  0.1061E+01  0.1068E+01
        0.1075E+01  0.1082E+01  0.1088E+01  0.1094E+01  0.1099E+01
 0.550  0.9304E+00  0.9379E+00  0.9456E+00  0.9533E+00  0.9609E+00
        0.9684E+00  0.9757E+00  0.9828E+00  0.9897E+00  0.9964E+00
        0.1003E+01  0.1009E+01  0.1015E+01  0.1021E+01  0.1025E+01
 0.600  0.8692E+00  0.8761E+00  0.8832E+00  0.8904E+00  0.8975E+00
        0.9045E+00  0.9113E+00  0.9180E+00  0.9245E+00  0.9309E+00
        0.9370E+00  0.9429E+00  0.9486E+00  0.9541E+00  0.9578E+00
 0.650  0.8131E+00  0.8195E+00  0.8261E+00  0.8328E+00  0.8395E+00
        0.8460E+00  0.8525E+00  0.8589E+00  0.8650E+00  0.8711E+00
        0.8769E+00  0.8825E+00  0.8880E+00  0.8932E+00  0.8967E+00
 0.700  0.7616E+00  0.7675E+00  0.7737E+00  0.7800E+00  0.7863E+00
        0.7925E+00  0.7987E+00  0.8047E+00  0.8106E+00  0.8163E+00
        0.8219E+00  0.8273E+00  0.8325E+00  0.8376E+00  0.8409E+00
 0.750  0.7142E+00  0.7197E+00  0.7256E+00  0.7315E+00  0.7375E+00
        0.7434E+00  0.7493E+00  0.7550E+00  0.7607E+00  0.7662E+00
        0.7715E+00  0.7767E+00  0.7818E+00  0.7866E+00  0.7899E+00
 0.800  0.6705E+00  0.6757E+00  0.6813E+00  0.6869E+00  0.6926E+00
        0.6983E+00  0.7039E+00  0.7094E+00  0.7148E+00  0.7202E+00
        0.7253E+00  0.7303E+00  0.7352E+00  0.7399E+00  0.7430E+00
 0.850  0.6302E+00  0.6352E+00  0.6404E+00  0.6458E+00  0.6512E+00
        0.6567E+00  0.6621E+00  0.6674E+00  0.6727E+00  0.6778E+00
        0.6828E+00  0.6877E+00  0.6924E+00  0.6969E+00  0.7000E+00
 0.900  0.5930E+00  0.5977E+00  0.6027E+00  0.6079E+00  0.6131E+00
        0.6183E+00  0.6236E+00  0.6287E+00  0.6338E+00  0.6388E+00
        0.6437E+00  0.6484E+00  0.6530E+00  0.6574E+00  0.6604E+00
 0.950  0.5585E+00  0.5630E+00  0.5678E+00  0.5728E+00  0.5779E+00
        0.5829E+00  0.5880E+00  0.5930E+00  0.5980E+00  0.6028E+00
        0.6076E+00  0.6122E+00  0.6166E+00  0.6210E+00  0.6239E+00
 1.000  0.5266E+00  0.5309E+00  0.5356E+00  0.5404E+00  0.5453E+00
        0.5502E+00  0.5551E+00  0.5600E+00  0.5649E+00  0.5696E+00
        0.5742E+00  0.5787E+00  0.5831E+00  0.5873E+00  0.5902E+00
 1.050  0.4970E+00  0.5012E+00  0.5057E+00  0.5103E+00  0.5151E+00
        0.5199E+00  0.5247E+00  0.5295E+00  0.5342E+00  0.5389E+00
        0.5434E+00  0.5478E+00  0.5521E+00  0.5563E+00  0.5590E+00
 1.100  0.4695E+00  0.4736E+00  0.4779E+00  0.4825E+00  0.4871E+00
        0.4918E+00  0.4966E+00  0.5012E+00  0.5059E+00  0.5104E+00
        0.5148E+00  0.5192E+00  0.5234E+00  0.5275E+00  0.5302E+00
 1.150  0.4440E+00  0.4479E+00  0.4522E+00  0.4566E+00  0.4612E+00
        0.4658E+00  0.4704E+00  0.4750E+00  0.4796E+00  0.4840E+00
        0.4884E+00  0.4927E+00  0.4968E+00  0.5008E+00  0.5035E+00
 1.200  0.4202E+00  0.4241E+00  0.4283E+00  0.4326E+00  0.4371E+00
        0.4416E+00  0.4462E+00  0.4507E+00  0.4551E+00  0.4595E+00
        0.4638E+00  0.4680E+00  0.4721E+00  0.4761E+00  0.4788E+00
 1.250  0.3981E+00  0.4019E+00  0.4060E+00  0.4103E+00  0.4147E+00
        0.4191E+00  0.4236E+00  0.4281E+00  0.4325E+00  0.4368E+00
        0.4410E+00  0.4452E+00  0.4492E+00  0.4531E+00  0.4558E+00
 1.300  0.3776E+00  0.3812E+00  0.3853E+00  0.3895E+00  0.3938E+00
        0.3982E+00  0.4026E+00  0.4070E+00  0.4114E+00  0.4157E+00
        0.4198E+00  0.4239E+00  0.4279E+00  0.4318E+00  0.4344E+00
 1.350  0.3584E+00  0.3620E+00  0.3660E+00  0.3701E+00  0.3744E+00
        0.3787E+00  0.3831E+00  0.3874E+00  0.3917E+00  0.3960E+00
        0.4001E+00  0.4042E+00  0.4081E+00  0.4119E+00  0.4145E+00
 1.400  0.3405E+00  0.3440E+00  0.3480E+00  0.3521E+00  0.3563E+00
        0.3606E+00  0.3649E+00  0.3692E+00  0.3734E+00  0.3776E+00
        0.3817E+00  0.3857E+00  0.3896E+00  0.3934E+00  0.3960E+00
 1.450  0.3237E+00  0.3273E+00  0.3311E+00  0.3352E+00  0.3394E+00
        0.3436E+00  0.3479E+00  0.3522E+00  0.3564E+00  0.3605E+00
        0.3646E+00  0.3686E+00  0.3724E+00  0.3762E+00  0.3787E+00
 1.500  0.3081E+00  0.3116E+00  0.3154E+00  0.3195E+00  0.3236E+00
        0.3278E+00  0.3321E+00  0.3363E+00  0.3404E+00  0.3446E+00
        0.3486E+00  0.3525E+00  0.3564E+00  0.3601E+00  0.3626E+00
 1.550  0.2935E+00  0.2969E+00  0.3008E+00  0.3048E+00  0.3089E+00
        0.3130E+00  0.3172E+00  0.3214E+00  0.3256E+00  0.3297E+00
        0.3337E+00  0.3376E+00  0.3414E+00  0.3450E+00  0.3475E+00
 1.600  0.2798E+00  0.2832E+00  0.2870E+00  0.2910E+00  0.2951E+00
        0.2992E+00  0.3034E+00  0.3075E+00  0.3117E+00  0.3157E+00
        0.3197E+00  0.3236E+00  0.3273E+00  0.3310E+00  0.3334E+00
 1.650  0.2670E+00  0.2704E+00  0.2742E+00  0.2781E+00  0.2822E+00
        0.2863E+00  0.2904E+00  0.2945E+00  0.2986E+00  0.3027E+00
        0.3066E+00  0.3104E+00  0.3142E+00  0.3178E+00  0.3203E+00
 1.700  0.2549E+00  0.2584E+00  0.2621E+00  0.2660E+00  0.2701E+00
        0.2742E+00  0.2783E+00  0.2824E+00  0.2864E+00  0.2904E+00
        0.2944E+00  0.2982E+00  0.3019E+00  0.3055E+00  0.3079E+00
 1.750  0.2437E+00  0.2471E+00  0.2508E+00  0.2547E+00  0.2587E+00
        0.2628E+00  0.2669E+00  0.2710E+00  0.2750E+00  0.2790E+00
        0.2829E+00  0.2867E+00  0.2904E+00  0.2940E+00  0.2964E+00
 1.800  0.2331E+00  0.2365E+00  0.2402E+00  0.2441E+00  0.2481E+00
        0.2521E+00  0.2562E+00  0.2603E+00  0.2643E+00  0.2682E+00
        0.2721E+00  0.2759E+00  0.2796E+00  0.2831E+00  0.2855E+00
 1.850  0.2231E+00  0.2265E+00  0.2303E+00  0.2341E+00  0.2381E+00
        0.2421E+00  0.2462E+00  0.2502E+00  0.2542E+00  0.2581E+00
        0.2620E+00  0.2657E+00  0.2694E+00  0.2729E+00  0.2753E+00
 1.900  0.2138E+00  0.2172E+00  0.2209E+00  0.2247E+00  0.2287E+00
        0.2327E+00  0.2368E+00  0.2408E+00  0.2448E+00  0.2487E+00
        0.2525E+00  0.2562E+00  0.2599E+00  0.2634E+00  0.2657E+00
 1.950  0.2050E+00  0.2084E+00  0.2121E+00  0.2159E+00  0.2199E+00
        0.2239E+00  0.2279E+00  0.2319E+00  0.2359E+00  0.2397E+00
        0.2436E+00  0.2473E+00  0.2509E+00  0.2544E+00  0.2567E+00
 2.000  0.1967E+00  0.2001E+00  0.2038E+00  0.2076E+00  0.2116E+00
        0.2156E+00  0.2196E+00  0.2235E+00  0.2275E+00  0.2313E+00
        0.2351E+00  0.2388E+00  0.2424E+00  0.2459E+00  0.2482E+00
 2.050  0.1890E+00  0.1923E+00  0.1960E+00  0.1998E+00  0.2037E+00
        0.2077E+00  0.2117E+00  0.2157E+00  0.2196E+00  0.2234E+00
        0.2272E+00  0.2309E+00  0.2345E+00  0.2379E+00  0.2402E+00
 2.100  0.1816E+00  0.1850E+00  0.1886E+00  0.1925E+00  0.1964E+00
        0.2003E+00  0.2043E+00  0.2082E+00  0.2121E+00  0.2160E+00
        0.2197E+00  0.2234E+00  0.2270E+00  0.2304E+00  0.2327E+00
 2.150  0.1747E+00  0.1780E+00  0.1817E+00  0.1855E+00  0.1894E+00
        0.1933E+00  0.1973E+00  0.2012E+00  0.2051E+00  0.2089E+00
        0.2127E+00  0.2163E+00  0.2199E+00  0.2233E+00  0.2256E+00
 2.200  0.1681E+00  0.1715E+00  0.1751E+00  0.1789E+00  0.1828E+00
        0.1868E+00  0.1907E+00  0.1946E+00  0.1985E+00  0.2023E+00
        0.2060E+00  0.2097E+00  0.2132E+00  0.2166E+00  0.2189E+00
 2.250  0.1620E+00  0.1653E+00  0.1690E+00  0.1727E+00  0.1766E+00
        0.1805E+00  0.1845E+00  0.1884E+00  0.1922E+00  0.1960E+00
        0.1997E+00  0.2033E+00  0.2069E+00  0.2103E+00  0.2125E+00
 2.300  0.1561E+00  0.1595E+00  0.1631E+00  0.1669E+00  0.1707E+00
        0.1746E+00  0.1786E+00  0.1825E+00  0.1863E+00  0.1901E+00
        0.1938E+00  0.1974E+00  0.2009E+00  0.2043E+00  0.2065E+00
 2.350  0.1506E+00  0.1539E+00  0.1576E+00  0.1613E+00  0.1652E+00
        0.1691E+00  0.1730E+00  0.1769E+00  0.1807E+00  0.1845E+00
        0.1881E+00  0.1917E+00  0.1952E+00  0.1986E+00  0.2008E+00
 2.400  0.1453E+00  0.1487E+00  0.1523E+00  0.1561E+00  0.1599E+00
        0.1638E+00  0.1677E+00  0.1716E+00  0.1754E+00  0.1791E+00
        0.1828E+00  0.1864E+00  0.1898E+00  0.1932E+00  0.1954E+00
 2.450  0.1404E+00  0.1437E+00  0.1473E+00  0.1511E+00  0.1549E+00
        0.1588E+00  0.1627E+00  0.1665E+00  0.1703E+00  0.1741E+00
        0.1777E+00  0.1813E+00  0.1847E+00  0.1881E+00  0.1903E+00
 2.500  0.1357E+00  0.1390E+00  0.1426E+00  0.1464E+00  0.1502E+00
        0.1540E+00  0.1579E+00  0.1618E+00  0.1655E+00  0.1693E+00
        0.1729E+00  0.1765E+00  0.1799E+00  0.1832E+00  0.1855E+00
 2.550  0.1312E+00  0.1346E+00  0.1382E+00  0.1419E+00  0.1457E+00
        0.1495E+00  0.1534E+00  0.1572E+00  0.1610E+00  0.1647E+00
        0.1683E+00  0.1719E+00  0.1753E+00  0.1786E+00  0.1808E+00
 2.600  0.1270E+00  0.1303E+00  0.1339E+00  0.1376E+00  0.1414E+00
        0.1452E+00  0.1491E+00  0.1529E+00  0.1567E+00  0.1604E+00
        0.1640E+00  0.1675E+00  0.1709E+00  0.1742E+00  0.1764E+00
 2.650  0.1229E+00  0.1263E+00  0.1298E+00  0.1336E+00  0.1373E+00
        0.1412E+00  0.1450E+00  0.1488E+00  0.1526E+00  0.1562E+00
        0.1598E+00  0.1634E+00  0.1668E+00  0.1701E+00  0.1723E+00
 2.700  0.1191E+00  0.1224E+00  0.1260E+00  0.1297E+00  0.1335E+00
        0.1373E+00  0.1411E+00  0.1449E+00  0.1486E+00  0.1523E+00
        0.1559E+00  0.1594E+00  0.1628E+00  0.1661E+00  0.1683E+00
 2.750  0.1154E+00  0.1188E+00  0.1223E+00  0.1260E+00  0.1298E+00
        0.1336E+00  0.1374E+00  0.1412E+00  0.1449E+00  0.1486E+00
        0.1521E+00  0.1556E+00  0.1590E+00  0.1623E+00  0.1645E+00
 2.800  0.1120E+00  0.1153E+00  0.1188E+00  0.1225E+00  0.1263E+00
        0.1301E+00  0.1338E+00  0.1376E+00  0.1413E+00  0.1450E+00
        0.1486E+00  0.1520E+00  0.1554E+00  0.1587E+00  0.1608E+00
 2.850  0.1086E+00  0.1119E+00  0.1155E+00  0.1192E+00  0.1229E+00
        0.1267E+00  0.1305E+00  0.1342E+00  0.1379E+00  0.1416E+00
        0.1451E+00  0.1486E+00  0.1519E+00  0.1552E+00  0.1574E+00
 2.900  0.1055E+00  0.1088E+00  0.1123E+00  0.1160E+00  0.1197E+00
        0.1235E+00  0.1272E+00  0.1310E+00  0.1347E+00  0.1383E+00
        0.1418E+00  0.1453E+00  0.1486E+00  0.1519E+00  0.1540E+00
 2.950  0.1024E+00  0.1057E+00  0.1093E+00  0.1129E+00  0.1166E+00
        0.1204E+00  0.1241E+00  0.1279E+00  0.1316E+00  0.1352E+00
        0.1387E+00  0.1421E+00  0.1455E+00  0.1487E+00  0.1509E+00
 3.000  0.9955E-01  0.1028E+00  0.1063E+00  0.1100E+00  0.1137E+00
        0.1174E+00  0.1212E+00  0.1249E+00  0.1286E+00  0.1322E+00
        0.1357E+00  0.1391E+00  0.1424E+00  0.1457E+00  0.1478E+00
