0.000000 1.883000 
0.100000 1.885987 
0.200000 1.887584 
0.300000 1.884302 
0.400000 1.886982 
0.500000 1.892000 
0.600000 1.897489 
0.700000 1.903535 
0.800000 1.910856 
0.900000 1.919787 
1.000000 1.930000 
1.100000 1.940728 
1.200000 1.951132 
1.300000 1.960564 
1.400000 1.968611 
1.500000 1.975000 
1.600000 1.979472 
1.700000 1.981751 
1.800000 1.981646 
1.900000 1.979235 
2.000000 1.975000 
2.100000 1.969781 
2.200000 1.964485 
2.300000 1.959640 
2.400000 1.955055 
2.500000 1.950000 
2.600000 1.944161 
2.700000 1.939094 
2.800000 1.938516 
2.900000 1.933210 
3.000000 1.932000 
