****************************************
Type: 0 = proton
Momentum, norm[MeV]=4878, theta[deg]=0, phi[deg]=0
Scattering Parameters with proton:
sigma[fm^2]: 4.21638, beta^2[fm^2]: 0.326141, epsilon: -0.480312
Scattering Parameters with neutron:
sigma[fm^2]: 4, beta^2[fm^2]: 0.289894, epsilon: -0.507266
Scattering hard scale [GeV^2]: 8
****************************************

Particle 1
****************************************
Type: 0 = proton
Momentum, norm[MeV]=4878, theta[deg]=0, phi[deg]=0
Scattering Parameters with proton:
sigma[fm^2]: 4.21638, beta^2[fm^2]: 0.326141, epsilon: -0.480312
Scattering Parameters with neutron:
sigma[fm^2]: 4, beta^2[fm^2]: 0.289894, epsilon: -0.507266
Scattering hard scale [GeV^2]: 8
****************************************

0 0 0 0(0.991899,-0.00410573) 0 3795 4.91095e-05
0 0 0 1(0.991116,-0.0042633) 0 4257 3.64111e-05
1 0 0 0(0.993974,-0.00310978) 0 11979 1.6582e-05
1 0 0 1(0.993406,-0.00321535) 0 12705 1.81404e-05
1 1 0 0(0.993368,-0.00333909) 0 296043 9.68313e-06
1 1 0 1(0.992798,-0.00343552) 0 279675 1.07122e-05
1 1 1 0(0.993377,-0.00333482) 0 241659 1.00338e-05
1 1 1 1(0.992802,-0.00343294) 0 215193 1.12072e-05
1 1 2 0(0.993425,-0.00331042) 0 167211 1.00707e-05
1 1 2 1(0.992831,-0.00341941) 0 159357 1.14259e-05
1 1 3 0(0.993429,-0.00330871) 0 142395 1.05966e-05
1 1 3 1(0.992834,-0.00341807) 0 137445 1.18384e-05
1 1 4 0(0.993369,-0.00333919) 0 154869 1.09082e-05
1 1 4 1(0.992795,-0.00343659) 0 152361 1.23306e-05
1 1 5 0(0.993362,-0.00334288) 0 150579 1.08482e-05
1 1 5 1(0.992794,-0.00343704) 0 152295 1.20447e-05
1 2 0 0(0.992958,-0.00355518) 0 523149 9.83614e-06
1 2 0 1(0.992358,-0.00365508) 0 479061 1.09475e-05
1 2 1 0(0.992964,-0.00355208) 0 348579 1.02941e-05
1 2 1 1(0.992361,-0.00365371) 0 351351 1.12858e-05
1 2 2 0(0.993019,-0.00352418) 0 225225 1.04501e-05
1 2 2 1(0.992395,-0.00363693) 0 202389 1.17517e-05
1 2 3 0(0.993031,-0.00351861) 0 172491 1.10069e-05
1 2 3 1(0.992398,-0.00363554) 0 169323 1.2448e-05
1 2 4 0(0.992964,-0.0035528) 0 171369 1.16582e-05
1 2 4 1(0.992358,-0.00365447) 0 178959 1.30163e-05
1 2 5 0(0.992958,-0.00355577) 0 176253 1.18433e-05
1 2 5 1(0.992356,-0.00365581) 0 178299 1.28348e-05
1 3 0 0(0.992527,-0.00378214) 0 433917 1.06149e-05
1 3 0 1(0.991894,-0.00388581) 0 370557 1.19862e-05
1 3 1 0(0.992532,-0.00377998) 0 282051 1.08819e-05
1 3 1 1(0.991895,-0.00388547) 0 298419 1.21496e-05
1 3 2 0(0.992596,-0.00374742) 0 143781 1.20467e-05
1 3 2 1(0.991933,-0.00386675) 0 151173 1.27921e-05
1 3 3 0(0.9926,-0.00374531) 0 107217 1.23871e-05
1 3 3 1(0.991933,-0.00386677) 0 112959 1.38467e-05
1 3 4 0(0.992531,-0.00377955) 0 102267 1.29293e-05
1 3 4 1(0.991895,-0.00388492) 0 113487 1.39912e-05
1 3 5 0(0.992519,-0.00378631) 0 110847 1.29397e-05
1 3 5 1(0.991891,-0.00388716) 0 113025 1.42802e-05
1 4 0 0(0.992064,-0.00402335) 0 344883 1.18253e-05
1 4 0 1(0.991396,-0.00413039) 0 301521 1.31671e-05
1 4 1 0(0.992066,-0.00402197) 0 252879 1.19934e-05
1 4 1 1(0.991396,-0.00413017) 0 250107 1.34217e-05
1 4 2 0(0.992133,-0.00398736) 0 96063 1.36001e-05
1 4 2 1(0.991435,-0.00411159) 0 106491 1.44366e-05
1 4 3 0(0.992135,-0.00398742) 0 71709 1.43314e-05
1 4 3 1(0.991437,-0.0041115) 0 76395 1.47342e-05
1 4 4 0(0.992072,-0.00401942) 0 66759 1.51347e-05
1 4 4 1(0.991399,-0.00412972) 0 74811 1.63709e-05
1 4 5 0(0.99206,-0.00402539) 0 72435 1.51591e-05
1 4 5 1(0.991395,-0.00413191) 0 76263 1.59839e-05
1 5 0 0(0.991559,-0.00428137) 0 335709 1.24771e-05
1 5 0 1(0.990861,-0.00438891) 0 289245 1.39456e-05
1 5 1 0(0.991562,-0.00428007) 0 240273 1.274e-05
1 5 1 1(0.990861,-0.00438881) 0 239349 1.42279e-05
1 5 2 0(0.991628,-0.00424549) 0 92895 1.44884e-05
1 5 2 1(0.990901,-0.00437038) 0 103455 1.5138e-05
1 5 3 0(0.99163,-0.0042455) 0 70851 1.50618e-05
1 5 3 1(0.990902,-0.0043703) 0 73953 1.59211e-05
1 5 4 0(0.991567,-0.00427743) 0 64383 1.54506e-05
1 5 4 1(0.990864,-0.00438835) 0 69795 1.71412e-05
1 5 5 0(0.991555,-0.00428353) 0 72237 1.52162e-05
1 5 5 1(0.99086,-0.00439065) 0 78045 1.59768e-05
1 6 0 0(0.991015,-0.00455699) 0 397221 1.24162e-05
1 6 0 1(0.990291,-0.00466313) 0 340791 1.4068e-05
1 6 1 0(0.991021,-0.00455455) 0 261921 1.25338e-05
1 6 1 1(0.99029,-0.00466283) 0 276243 1.37584e-05
1 6 2 0(0.991083,-0.00452251) 0 134607 1.35898e-05
1 6 2 1(0.990331,-0.00464426) 0 140349 1.45242e-05
1 6 3 0(0.991086,-0.0045204) 0 100551 1.39839e-05
1 6 3 1(0.99033,-0.0046443) 0 104379 1.54597e-05
1 6 4 0(0.991019,-0.00455464) 0 96261 1.42905e-05
1 6 4 1(0.990292,-0.00466237) 0 102597 1.65801e-05
1 6 5 0(0.991005,-0.00456141) 0 95799 1.51191e-05
1 6 5 1(0.990287,-0.00466471) 0 102795 1.66448e-05
1 7 0 0(0.990447,-0.00484873) 0 433125 1.28308e-05
1 7 0 1(0.989686,-0.00495718) 0 386265 1.42602e-05
1 7 1 0(0.990454,-0.00484487) 0 290631 1.31228e-05
1 7 1 1(0.989688,-0.0049557) 0 290169 1.43402e-05
1 7 2 0(0.990515,-0.00481466) 0 180873 1.3442e-05
1 7 2 1(0.989722,-0.00493932) 0 178893 1.4733e-05
1 7 3 0(0.990519,-0.00481244) 0 142461 1.39425e-05
1 7 3 1(0.989726,-0.00493786) 0 146289 1.53749e-05
1 7 4 0(0.990452,-0.0048466) 0 145563 1.46781e-05
1 7 4 1(0.989688,-0.00495577) 0 145695 1.6181e-05
1 7 5 0(0.990445,-0.00484995) 0 139425 1.52022e-05
1 7 5 1(0.989683,-0.00495815) 0 142065 1.61704e-05
1 8 0 0(0.989881,-0.00514879) 0 231231 1.32928e-05
1 8 0 1(0.989039,-0.00527935) 0 218097 1.48913e-05
1 8 1 0(0.98989,-0.00514437) 0 188793 1.38286e-05
1 8 1 1(0.989048,-0.00527598) 0 175395 1.55396e-05
1 8 2 0(0.989938,-0.00512005) 0 138963 1.39744e-05
1 8 2 1(0.989076,-0.00526241) 0 132363 1.56085e-05
1 8 3 0(0.989942,-0.0051179) 0 121407 1.43359e-05
1 8 3 1(0.989076,-0.0052624) 0 113817 1.59779e-05
1 8 4 0(0.989878,-0.00515037) 0 127281 1.50518e-05
1 8 4 1(0.989045,-0.00527736) 0 123387 1.63355e-05
1 8 5 0(0.989871,-0.00515383) 0 124905 1.46664e-05
1 8 5 1(0.989037,-0.00528075) 0 125499 1.60788e-05
1 9 0 0(0.989222,-0.0054203) 0 11121 2.32955e-05
1 9 0 1(0.988156,-0.00564694) 0 11979 2.42969e-05
2 0 0 0(0.99664,-0.00197423) 0 11781 1.40577e-05
2 0 0 1(0.996316,-0.00203634) 0 12375 1.65561e-05
2 1 0 0(0.99556,-0.00229227) 0 760221 7.42669e-06
2 1 0 1(0.995192,-0.0023495) 0 768867 8.12639e-06
2 1 1 0(0.995561,-0.00229197) 0 598983 7.38346e-06
2 1 1 1(0.995192,-0.00234916) 0 611259 8.11078e-06
2 1 2 0(0.995604,-0.00226984) 0 402105 7.86834e-06
2 1 2 1(0.995227,-0.00233244) 0 407781 8.51863e-06
2 1 3 0(0.995633,-0.00225488) 0 252153 8.13939e-06
2 1 3 1(0.995232,-0.00232943) 0 274131 8.93901e-06
2 1 4 0(0.99556,-0.00229167) 0 234201 8.6874e-06
2 1 4 1(0.995193,-0.002348) 0 258885 9.17803e-06
2 1 5 0(0.995559,-0.00229339) 0 256443 8.63058e-06
2 1 5 1(0.99519,-0.00235026) 0 279675 9.31611e-06
2 2 0 0(0.99524,-0.00261525) 0 606705 8.25291e-06
2 2 0 1(0.994811,-0.00269135) 0 604329 9.44815e-06
2 2 1 0(0.995221,-0.00262516) 0 607299 8.12206e-06
2 2 1 1(0.9948,-0.00269641) 0 574827 9.17503e-06
2 2 2 0(0.995265,-0.00260239) 0 605583 8.98089e-06
2 2 2 1(0.994838,-0.00267799) 0 542355 1.00854e-05
2 2 3 0(0.995341,-0.00256417) 0 230505 8.928e-06
2 2 3 1(0.994842,-0.00267599) 0 237831 1.00692e-05
2 2 4 0(0.995232,-0.00261771) 0 225951 9.10871e-06
2 2 4 1(0.994801,-0.00269504) 0 241395 1.02028e-05
2 2 5 0(0.995218,-0.00262705) 0 247269 9.18587e-06
2 2 5 1(0.9948,-0.00269692) 0 254067 1.04932e-05
2 3 0 0(0.994705,-0.00300592) 0 407187 1.02725e-05
2 3 0 1(0.994212,-0.00309578) 0 385803 1.15729e-05
2 3 1 0(0.994696,-0.00300969) 0 423093 9.82995e-06
2 3 1 1(0.994211,-0.00309621) 0 380655 1.11185e-05
2 3 2 0(0.994738,-0.00298842) 0 724515 1.12155e-05
2 3 2 1(0.994244,-0.00308028) 0 586113 1.26336e-05
2 3 3 0(0.99477,-0.00297329) 0 132495 1.13993e-05
2 3 3 1(0.994249,-0.00307852) 0 138831 1.26796e-05
2 3 4 0(0.994735,-0.0029861) 0 125697 1.13282e-05
2 3 4 1(0.994225,-0.00308487) 0 133023 1.27728e-05
2 3 5 0(0.994692,-0.00301298) 0 138105 1.18264e-05
2 3 5 1(0.994206,-0.00309985) 0 135663 1.31859e-05
2 4 0 0(0.993969,-0.0034401) 0 268455 1.20347e-05
2 4 0 1(0.993385,-0.00355169) 0 240669 1.42951e-05
2 4 1 0(0.993953,-0.00344624) 0 217701 1.25023e-05
2 4 1 1(0.993381,-0.00355279) 0 211299 1.3906e-05
2 4 2 0(0.993977,-0.00343399) 0 923439 1.27066e-05
2 4 2 1(0.993407,-0.00354082) 0 583341 1.57386e-05
2 4 3 0(0.994012,-0.00341766) 0 74877 1.47251e-05
2 4 3 1(0.993409,-0.0035414) 0 78045 1.70942e-05
2 4 4 0(0.994049,-0.00339092) 0 66759 1.48853e-05
2 4 4 1(0.993416,-0.00353685) 0 68871 1.7118e-05
2 4 5 0(0.993933,-0.00345813) 0 69069 1.64715e-05
2 4 5 1(0.993364,-0.00356377) 0 76197 1.85499e-05
2 5 0 0(0.992979,-0.00394129) 0 246345 1.29397e-05
2 5 0 1(0.992295,-0.00407537) 0 219615 1.55665e-05
2 5 1 0(0.992961,-0.00394981) 0 193083 1.34052e-05
2 5 1 1(0.992286,-0.00407839) 0 188067 1.50204e-05
2 5 2 0(0.992981,-0.00393905) 0 959805 1.40188e-05
2 5 2 1(0.992313,-0.00406664) 0 584463 1.76107e-05
2 5 3 0(0.993016,-0.00392339) 0 70653 1.66794e-05
2 5 3 1(0.992312,-0.00406772) 0 73689 1.87071e-05
2 5 4 0(0.993064,-0.00389287) 0 62865 1.57025e-05
2 5 4 1(0.992322,-0.00406247) 0 65571 1.83391e-05
2 5 5 0(0.992936,-0.003964) 0 71247 1.75887e-05
2 5 5 1(0.992268,-0.00409007) 0 80817 1.85883e-05
2 6 0 0(0.991725,-0.00451791) 0 320991 1.34458e-05
2 6 0 1(0.990931,-0.00467091) 0 287463 1.55693e-05
2 6 1 0(0.991721,-0.00451917) 0 305019 1.34449e-05
2 6 1 1(0.990933,-0.00466979) 0 269709 1.53336e-05
2 6 2 0(0.991757,-0.00450055) 0 668151 1.48861e-05
2 6 2 1(0.990964,-0.0046558) 0 517209 1.72645e-05
2 6 3 0(0.991783,-0.00448819) 0 99561 1.51224e-05
2 6 3 1(0.990965,-0.00465543) 0 102399 1.78958e-05
2 6 4 0(0.991789,-0.00448391) 0 90123 1.51503e-05
2 6 4 1(0.990952,-0.00466127) 0 100221 1.75411e-05
2 6 5 0(0.991706,-0.00452697) 0 110385 1.58303e-05
2 6 5 1(0.990921,-0.00467694) 0 111573 1.9024e-05
2 7 0 0(0.99028,-0.00513193) 0 376695 1.38599e-05
2 7 0 1(0.989363,-0.00530805) 0 392667 1.55662e-05
2 7 1 0(0.990245,-0.00514939) 0 391809 1.40268e-05
2 7 1 1(0.989348,-0.00531516) 0 383691 1.55159e-05
2 7 2 0(0.99031,-0.00511613) 0 403425 1.56846e-05
2 7 2 1(0.989392,-0.00529407) 0 381975 1.78192e-05
2 7 3 0(0.990364,-0.00508943) 0 134343 1.46999e-05
2 7 3 1(0.989387,-0.00529565) 0 145497 1.64872e-05
2 7 4 0(0.990267,-0.005138) 0 127083 1.50833e-05
2 7 4 1(0.989355,-0.00531183) 0 130251 1.7064e-05
2 7 5 0(0.990239,-0.00515296) 0 138369 1.56869e-05
2 7 5 1(0.989345,-0.00531663) 0 145695 1.79897e-05
2 8 0 0(0.988577,-0.00584952) 0 438471 1.47583e-05
2 8 0 1(0.987644,-0.00598965) 0 453123 1.66029e-05
2 8 1 0(0.988579,-0.00584898) 0 358809 1.52191e-05
2 8 1 1(0.987645,-0.00598881) 0 365871 1.68484e-05
2 8 2 0(0.988646,-0.00581513) 0 250041 1.61909e-05
2 8 2 1(0.987684,-0.00596977) 0 240933 1.7768e-05
2 8 3 0(0.988649,-0.00581324) 0 142197 1.57612e-05
2 8 3 1(0.987684,-0.00596999) 0 157971 1.75959e-05
2 8 4 0(0.988575,-0.00584927) 0 132627 1.64805e-05
2 8 4 1(0.987644,-0.00598824) 0 145167 1.81847e-05
2 8 5 0(0.988574,-0.00585196) 0 138633 1.66269e-05
2 8 5 1(0.987642,-0.00599093) 0 149457 1.80313e-05
2 9 0 0(0.986941,-0.00658072) 0 10395 3.09688e-05
2 9 0 1(0.985699,-0.00682522) 0 10395 2.94608e-05
3 0 0 0(0.999909,-0.000870407) 0 14289 9.00409e-06
3 0 0 1(0.999972,-0.000859029) 0 15015 1.14175e-05
3 1 0 0(0.998375,-0.00114045) 0 996435 4.31117e-06
3 1 0 1(0.998338,-0.00112229) 0 973071 4.92904e-06
3 1 1 0(0.998369,-0.00114324) 0 994455 4.23433e-06
3 1 1 1(0.998336,-0.00112332) 0 965679 4.73264e-06
3 1 2 0(0.998395,-0.00112987) 0 1092333 5.52524e-06
3 1 2 1(0.998361,-0.001111) 0 910173 6.56192e-06
3 1 3 0(0.999444,-2.9008e-09) 0 363 0.000395774
3 1 3 1(0.999427,-1.46721e-08) 0 693 4.4781e-05
3 1 4 0(0.998366,-0.00113949) 0 444477 4.73864e-06
3 1 4 1(0.998329,-0.00112172) 0 455763 5.46045e-06
3 1 5 0(0.998368,-0.00114418) 0 484143 4.84475e-06
3 1 5 1(0.998335,-0.00112393) 0 522819 5.56801e-06
3 2 0 0(0.998415,-0.00144664) 0 635481 5.79999e-06
3 2 0 1(0.998353,-0.00144753) 0 606045 6.51353e-06
3 2 1 0(0.998398,-0.00145477) 0 672507 5.40377e-06
3 2 1 1(0.998343,-0.00145218) 0 591789 6.17415e-06
3 2 2 0(0.998449,-0.00142016) 0 2000031 4.30581e-05
3 2 2 1(0.998359,-0.00143878) 0 2000031 2.75535e-05
3 2 3 0(1.00009,-4.53196e-11) 0 363 0.00041041
3 2 3 1(1.00012,-3.16951e-10) 0 363 0.000761677
3 2 4 0(0.998461,-0.00141779) 0 334917 5.73494e-06
3 2 4 1(0.998373,-0.00143276) 0 319143 6.73318e-06
3 2 5 0(0.998393,-0.00145776) 0 344157 6.433e-06
3 2 5 1(0.998339,-0.00145457) 0 380655 7.1927e-06
3 3 0 0(0.997829,-0.00183897) 0 342045 8.20911e-06
3 3 0 1(0.997657,-0.0018789) 0 319143 9.65265e-06
3 3 1 0(0.997803,-0.00184816) 0 252087 8.8042e-06
3 3 1 1(0.997635,-0.00188461) 0 289179 9.84201e-06
3 3 2 0(0.998316,-0.00153336) 0 2000031 0.000442479
3 3 2 1(0.997808,-0.00175369) 0 2000031 0.000327809
3 3 3 0(0.997829,-0.00183865) 0 170445 8.56065e-06
3 3 3 1(0.997656,-0.00187866) 0 197175 9.64696e-06
3 3 4 0(0.997743,-0.00183518) 0 161931 7.93311e-06
3 3 4 1(0.997575,-0.00187394) 0 156321 9.4352e-06
3 3 5 0(0.997749,-0.00188081) 0 187539 8.89575e-06
3 3 5 1(0.997609,-0.00190181) 0 204567 1.00807e-05
3 4 0 0(0.996767,-0.00240291) 0 136917 1.1194e-05
3 4 0 1(0.996456,-0.00248123) 0 100089 1.59525e-05
3 4 1 0(0.996757,-0.00239455) 0 126357 1.40936e-05
3 4 1 1(0.996446,-0.00247526) 0 202587 1.39941e-05
3 4 2 0(0.998348,-0.00151569) 0 2000031 0.000771378
3 4 2 1(0.997438,-0.00193022) 0 2000031 0.000747822
3 4 3 0(0.996768,-0.00240213) 0 78705 1.4705e-05
3 4 3 1(0.996457,-0.00248068) 0 80091 1.60697e-05
3 4 4 0(0.996727,-0.00238818) 0 68607 1.25069e-05
3 4 4 1(0.996439,-0.00243315) 0 68145 1.49993e-05
3 4 5 0(0.996703,-0.00243502) 0 71115 1.36828e-05
3 4 5 1(0.996429,-0.00249429) 0 76725 1.57197e-05
3 5 0 0(0.995301,-0.00314687) 0 99759 1.39991e-05
3 5 0 1(0.994798,-0.00327757) 0 85371 1.76859e-05
3 5 1 0(0.995332,-0.00311932) 0 138435 1.22571e-05
3 5 1 1(0.994811,-0.00326474) 0 184107 1.47453e-05
3 5 2 0(0.997704,-0.00184844) 0 2000031 0.00104532
3 5 2 1(0.996295,-0.00248641) 0 2000031 0.000977049
3 5 3 0(0.995303,-0.00314543) 0 68343 1.61806e-05
3 5 3 1(0.994801,-0.00327685) 0 68541 1.96048e-05
3 5 4 0(0.995442,-0.00303954) 0 56529 1.48934e-05
3 5 4 1(0.994944,-0.00315081) 0 58707 1.75359e-05
3 5 5 0(0.995235,-0.00317936) 0 70455 1.65665e-05
3 5 5 1(0.994773,-0.00329054) 0 78639 1.8656e-05
3 6 0 0(0.993399,-0.00408639) 0 186747 1.40048e-05
3 6 0 1(0.992677,-0.0042707) 0 170247 1.70441e-05
3 6 1 0(0.993417,-0.00407055) 0 155199 1.46527e-05
3 6 1 1(0.992682,-0.00426192) 0 166353 1.76614e-05
3 6 2 0(0.995252,-0.00308408) 0 2000031 0.00098985
3 6 2 1(0.993436,-0.00385305) 0 2000031 0.000674752
3 6 3 0(0.9934,-0.0040853) 0 101145 1.51015e-05
3 6 3 1(0.992679,-0.00426998) 0 106425 1.82808e-05
3 6 4 0(0.993443,-0.00403927) 0 93423 1.42414e-05
3 6 4 1(0.992754,-0.00421045) 0 92301 1.74709e-05
3 6 5 0(0.993319,-0.00412641) 0 106029 1.6743e-05
3 6 5 1(0.992631,-0.00429281) 0 118965 1.93185e-05
3 7 0 0(0.991031,-0.00519252) 0 234729 1.56978e-05
3 7 0 1(0.990115,-0.00540449) 0 214203 1.85227e-05
3 7 1 0(0.991016,-0.00519746) 0 207735 1.49501e-05
3 7 1 1(0.990113,-0.00540374) 0 153219 1.79002e-05
3 7 2 0(0.991201,-0.00508803) 0 2000031 0.000195214
3 7 2 1(0.99015,-0.00537512) 0 2000031 9.80455e-05
3 7 3 0(0.991032,-0.00519151) 0 116391 1.68228e-05
3 7 3 1(0.990117,-0.00540381) 0 122001 1.93229e-05
3 7 4 0(0.991096,-0.00515331) 0 113883 1.56244e-05
3 7 4 1(0.990118,-0.00539733) 0 124773 1.81822e-05
3 7 5 0(0.990979,-0.00521864) 0 119427 1.77105e-05
3 7 5 1(0.990084,-0.00541963) 0 126093 2.11873e-05
3 8 0 0(0.987981,-0.00641387) 0 316437 1.7273e-05
3 8 0 1(0.986838,-0.0066454) 0 282315 2.00475e-05
3 8 1 0(0.987982,-0.0064123) 0 267333 1.69238e-05
3 8 1 1(0.986841,-0.00664312) 0 251955 1.97478e-05
3 8 2 0(0.988016,-0.00639462) 0 816849 1.91517e-05
3 8 2 1(0.986867,-0.00663066) 0 626505 2.19847e-05
3 8 3 0(0.988037,-0.00638528) 0 108075 1.90705e-05
3 8 3 1(0.98687,-0.00663074) 0 107481 2.19705e-05
3 8 4 0(0.988038,-0.00637845) 0 98241 1.86959e-05
3 8 4 1(0.986872,-0.00662789) 0 104907 2.15283e-05
3 8 5 0(0.98796,-0.00642415) 0 115995 2.04579e-05
3 8 5 1(0.986826,-0.00665252) 0 120813 2.3171e-05
3 9 0 0(0.985056,-0.00767352) 0 9009 3.55118e-05
3 9 0 1(0.983602,-0.00797057) 0 8745 3.43247e-05
4 0 0 0(1.00214,-0.000140135) 0 36597 4.08157e-06
4 0 0 1(1.00221,-0.000114525) 0 54021 3.96547e-06
4 1 0 0(1.00037,-0.000253228) 0 1952247 1.40568e-06
4 1 0 1(1.00046,-0.000203982) 0 2000031 1.5828e-06
4 1 1 0(1.00036,-0.000257985) 0 1744281 1.34442e-06
4 1 1 1(1.00046,-0.000206) 0 2000031 1.38018e-06
4 1 2 0(1.00038,-0.000249322) 0 2000031 1.05386e-05
4 1 2 1(1.00046,-0.00020188) 0 2000031 8.39179e-06
4 1 3 0(1.00016,-2.7363e-14) 0 363 0.000395773
4 1 3 1(1.00017,-4.4459e-13) 0 363 0.000761675
4 1 4 0(1.00038,-0.00024591) 0 1144077 1.4334e-06
4 1 4 1(1.00047,-0.000199056) 0 1586607 1.35729e-06
4 1 5 0(1.00036,-0.000258931) 0 1249017 1.61221e-06
4 1 5 1(1.00046,-0.000206387) 0 1786587 1.47083e-06
4 2 0 0(1.00037,-0.000377175) 0 1080849 2.06607e-06
4 2 0 1(1.00049,-0.0003154) 0 1222749 2.09454e-06
4 2 1 0(1.0004,-0.000365154) 0 1293039 2.08723e-06
4 2 1 1(1.00049,-0.000313094) 0 1365705 2.10018e-06
4 2 2 0(1.00087,-0.000159967) 0 2000031 0.000450002
4 2 2 1(1.00087,-0.00015927) 0 2000031 0.000447076
4 2 4 0(1.0004,-1.37301e-12) 0 363 0.000395773
4 2 4 1(1.00042,-6.38349e-12) 0 363 0.000761675
4 2 5 0(1.00037,-0.000382223) 0 806619 2.43791e-06
4 2 5 1(1.00047,-0.000320789) 0 1064349 2.32223e-06
4 3 0 0(1.00068,-6.85801e-10) 0 363 0.000531604
4 3 0 1(1.0007,-1.67009e-10) 0 363 0.00091526
4 3 1 0(1.00006,-0.000561702) 0 1145331 3.04663e-06
4 3 1 1(1.00015,-0.00050209) 0 1328943 3.06019e-06
4 3 2 0(1.00074,-0.000147796) 0 2000031 0.000428675
4 3 2 1(1.00073,-0.000165671) 0 2000031 0.000444011
4 3 3 0(1.00007,-0.000558704) 0 321189 3.95069e-06
4 3 3 1(1.00018,-0.000488866) 0 358413 4.02644e-06
4 3 4 0(1.00047,-3.18905e-14) 0 363 0.000395773
4 3 4 1(1.00048,-4.62363e-13) 0 363 0.000761675
4 3 5 0(1.00001,-0.000594639) 0 285219 4.26182e-06
4 3 5 1(1.00013,-0.000516782) 0 417219 4.24552e-06
4 4 0 0(0.999325,-0.000953855) 0 101805 8.92908e-06
4 4 0 1(1.0073,-2.31745e-11) 0 429 0.000768773
4 4 1 0(0.999471,-0.000867801) 0 1205919 5.1023e-06
4 4 1 1(0.999502,-0.000821268) 0 1300893 4.95792e-06
4 4 2 0(1.0007,-0.000146743) 0 2000031 0.000409211
4 4 2 1(1.0006,-0.000208681) 0 2000031 0.000431947
4 4 3 0(0.999352,-0.000940413) 0 101673 8.36382e-06
4 4 3 1(0.999453,-0.000853328) 0 125895 8.53391e-06
4 4 4 0(1.00049,-5.51854e-13) 0 363 0.000395773
4 4 4 1(1.00051,-8.20267e-12) 0 363 0.000761675
4 4 5 0(0.999316,-0.00095871) 0 101211 8.39621e-06
4 4 5 1(0.99943,-0.000866318) 0 125169 8.63815e-06
4 5 0 0(0.998049,-0.00160123) 0 79167 1.17916e-05
4 5 0 1(0.998076,-0.00151537) 0 81675 1.34354e-05
4 5 1 0(0.998333,-0.00144372) 0 1240833 6.49367e-06
4 5 1 1(0.998185,-0.0014536) 0 1285185 6.55588e-06
4 5 2 0(1.00061,-0.000192428) 0 2000031 0.000445483
4 5 2 1(1.00035,-0.000327582) 0 2000031 0.000497857
4 5 3 0(0.998065,-0.00159291) 0 69861 1.13873e-05
4 5 3 1(0.99809,-0.00150873) 0 80685 1.23746e-05
4 5 4 0(1.00049,-1.15703e-09) 0 363 0.000395768
4 5 4 1(1.00062,-9.2217e-05) 0 606639 1.52787e-06
4 5 5 0(0.998029,-0.00161111) 0 81741 1.19771e-05
4 5 5 1(0.998058,-0.00152437) 0 92037 1.29066e-05
4 6 0 0(0.995781,-0.00273576) 0 94017 1.30152e-05
4 6 0 1(0.995481,-0.00274796) 0 103059 1.50262e-05
4 6 1 0(0.996055,-0.00258571) 0 811635 9.39288e-06
4 6 1 1(0.995544,-0.0027042) 0 902979 1.03067e-05
4 6 2 0(1.00014,-0.000446556) 0 2000031 0.000640324
4 6 2 1(0.999727,-0.000668601) 0 2000031 0.000798515
4 6 3 0(0.995757,-0.0027497) 0 85239 1.21095e-05
4 6 3 1(0.995466,-0.00275595) 0 96987 1.38608e-05
4 6 4 0(0.999588,-0.000672398) 0 124179 4.63566e-06
4 6 4 1(0.998632,-0.00110856) 0 117249 7.17421e-06
4 6 5 0(0.995699,-0.0027795) 0 102201 1.29854e-05
4 6 5 1(0.995433,-0.00277184) 0 108867 1.50902e-05
4 7 0 0(0.992086,-0.00457832) 0 86163 1.63702e-05
4 7 0 1(0.991141,-0.00480178) 0 86295 1.99958e-05
4 7 1 0(0.992209,-0.00450781) 0 388971 1.25647e-05
4 7 1 1(0.991164,-0.00477552) 0 278553 1.48162e-05
4 7 2 0(0.998676,-0.00128216) 0 2000031 0.00127812
4 7 2 1(0.99802,-0.0015927) 0 2000031 0.00181598
4 7 3 0(0.992087,-0.00457786) 0 81543 1.65551e-05
4 7 3 1(0.99114,-0.00480204) 0 84051 1.94497e-05
4 7 4 0(0.994635,-0.00325473) 0 92631 1.02731e-05
4 7 4 1(0.992722,-0.00401231) 0 86361 1.48363e-05
4 7 5 0(0.992009,-0.00462027) 0 96129 1.60306e-05
4 7 5 1(0.991099,-0.00482338) 0 93555 1.98982e-05
4 8 0 0(0.987542,-0.00673983) 0 183117 1.87005e-05
4 8 0 1(0.986147,-0.00706509) 0 151503 2.2011e-05
4 8 1 0(0.987591,-0.00672881) 0 158697 1.85083e-05
4 8 1 1(0.986167,-0.00705933) 0 110385 2.30376e-05
4 8 2 0(0.987921,-0.00655483) 0 2000031 0.000289704
4 8 2 1(0.986248,-0.00702482) 0 2000031 0.000106776
4 8 3 0(0.987582,-0.0067381) 0 79629 2.04369e-05
4 8 3 1(0.986177,-0.00706328) 0 90849 2.32293e-05
4 8 4 0(0.98764,-0.00668945) 0 72303 1.99304e-05
4 8 4 1(0.986144,-0.00704886) 0 78837 2.21885e-05
4 8 5 0(0.987528,-0.00676799) 0 81015 2.20295e-05
4 8 5 1(0.986139,-0.00708326) 0 84447 2.58272e-05
4 9 0 0(0.982844,-0.00882921) 0 7029 4.12841e-05
4 9 0 1(0.98118,-0.00915316) 0 6831 4.01674e-05
5 0 0 0(1.00034,-5.96826e-12) 0 363 0.000395773
5 0 0 1(1.00014,-1.13353e-11) 0 363 0.000761675
5 1 0 0(1.00013,-1.56674e-05) 0 2000031 4.14607e-07
5 1 0 1(1.00008,-7.87009e-06) 0 2000031 3.64832e-07
5 1 1 0(1.00007,-3.37555e-10) 0 363 0.000488241
5 1 1 1(1,-4.00772e-10) 0 363 0.000761673
5 1 2 0(1.00052,-1.24041e-15) 0 363 0.000767288
5 1 2 1(1.00034,-3.10981e-15) 0 363 0.000761675
5 1 4 0(0.999894,-1.92607e-11) 0 363 0.000395773
5 1 4 1(0.99987,-6.24175e-11) 0 363 0.000761675
5 1 5 0(1.00012,-1.98758e-05) 0 2000031 4.00493e-07
5 1 5 1(1.00008,-1.04584e-05) 0 2000031 3.65747e-07
5 2 0 0(0.999869,-9.8686e-12) 0 363 0.000395773
5 2 0 1(0.999833,-3.14316e-12) 0 363 0.000761675
5 2 1 0(1.00007,-2.60934e-05) 0 2000031 7.05139e-07
5 2 1 1(1.00003,-1.49562e-05) 0 2000031 5.80061e-07
5 2 2 0(1.00003,-7.11007e-06) 0 2000031 5.09787e-05
5 2 2 1(0.999985,-5.08923e-06) 0 2000031 4.17966e-05
5 2 5 0(1.00016,-3.92483e-09) 0 693 0.000853668
5 2 5 1(1.00038,-3.00129e-11) 0 693 0.000654977
5 3 1 0(0.999852,-6.2732e-09) 0 363 0.000395785
5 3 1 1(0.99981,-9.71779e-09) 0 429 0.000351099
5 3 2 0(0.999922,-1.36763e-06) 0 2000031 6.21931e-05
5 3 2 1(0.999863,-1.06002e-06) 0 2000031 5.0695e-05
5 3 3 0(0.99986,-7.33311e-29) 0 363 0.000403482
5 3 3 1(0.999818,-5.9123e-26) 0 363 0.000763995
5 3 5 0(0.999993,-6.30098e-05) 0 975183 6.86961e-07
5 3 5 1(0.999964,-3.88686e-05) 0 1327689 5.05758e-07
5 4 0 0(0.999868,-0.00012333) 0 379137 2.19965e-06
5 4 0 1(1.00125,-2.61074e-17) 0 495 0.000758217
5 4 1 0(0.999845,-4.34703e-10) 0 363 0.000395774
5 4 1 1(0.999801,-1.11782e-09) 0 363 0.000761677
5 4 2 0(0.999894,-9.39455e-07) 0 2000031 3.95809e-05
5 4 2 1(0.999835,-1.44122e-06) 0 2000031 3.18556e-05
5 4 3 0(0.999868,-0.000122273) 0 285219 1.96725e-06
5 4 3 1(0.999863,-8.12682e-05) 0 401445 1.56663e-06
5 4 5 0(0.999865,-0.000124391) 0 381645 2.05515e-06
5 4 5 1(0.999862,-8.22381e-05) 0 492393 1.69473e-06
5 5 0 0(0.999559,-0.000280044) 0 174405 3.9412e-06
5 5 0 1(0.999615,-0.000201042) 0 253803 3.17254e-06
5 5 1 0(0.999845,-4.35693e-10) 0 363 0.000395774
5 5 1 1(0.999801,-1.12729e-09) 0 363 0.000761677
5 5 2 0(0.999893,-1.35286e-06) 0 2000031 4.06001e-05
5 5 2 1(0.999833,-2.74016e-06) 0 2000031 3.27169e-05
5 5 3 0(0.999559,-0.000279064) 0 144903 3.43388e-06
5 5 3 1(0.999615,-0.000200039) 0 196449 3.04725e-06
5 5 4 0(0.999845,-2.494e-13) 0 363 0.000395773
5 5 4 1(0.999801,-3.10068e-12) 0 363 0.000761675
5 5 5 0(0.999556,-0.000281225) 0 202719 3.98267e-06
5 5 5 1(0.999614,-0.000201363) 0 289311 3.48991e-06
5 6 0 0(0.998615,-0.000760607) 0 113223 5.61876e-06
5 6 0 1(0.998768,-0.000612414) 0 138897 5.95536e-06
5 6 1 0(0.999852,-6.29208e-09) 0 363 0.000395785
5 6 1 1(0.99981,-9.86908e-09) 0 429 0.000351099
5 6 2 0(0.99991,-6.92897e-06) 0 2000031 6.56398e-05
5 6 2 1(0.999845,-9.92176e-06) 0 2000031 5.90233e-05
5 6 3 0(0.99861,-0.000764215) 0 110187 5.35134e-06
5 6 3 1(0.998767,-0.000612393) 0 127083 5.2191e-06
5 6 4 0(0.999852,-4.47123e-12) 0 363 0.000395773
5 6 4 1(0.999811,-4.38966e-11) 0 363 0.000761675
5 6 5 0(0.9986,-0.000769774) 0 123915 5.59103e-06
5 6 5 1(0.998765,-0.00061434) 0 150909 5.65151e-06
5 7 0 0(0.995371,-0.00241009) 0 48477 1.25337e-05
5 7 0 1(0.995398,-0.00223845) 0 51381 1.37755e-05
5 7 1 0(0.996786,-0.00168388) 0 640233 4.89308e-06
5 7 1 1(0.995923,-0.00197838) 0 692703 5.58194e-06
5 7 2 0(0.999826,-0.000104727) 0 2000031 0.000134311
5 7 2 1(0.998818,-0.000554532) 0 2000031 0.000187085
5 7 3 0(0.995375,-0.0024093) 0 44451 1.07367e-05
5 7 3 1(0.99542,-0.00222729) 0 43527 1.18881e-05
5 7 4 0(0.999869,-3.69724e-10) 0 363 0.000395771
5 7 4 1(0.999833,-2.78995e-09) 0 363 0.000761661
5 7 5 0(0.995338,-0.00243199) 0 69399 1.18532e-05
5 7 5 1(0.995385,-0.00224856) 0 61545 1.35352e-05
5 8 0 0(0.988144,-0.00608695) 0 45375 2.09864e-05
5 8 0 1(0.98685,-0.00635987) 0 37059 2.57048e-05
5 8 1 0(0.988351,-0.00598438) 0 263637 1.57561e-05
5 8 1 1(0.986974,-0.00630205) 0 179487 1.88245e-05
5 8 2 0(0.995971,-0.0021044) 0 2000031 0.00159876
5 8 2 1(0.993695,-0.00305885) 0 2000031 0.0020474
5 8 3 0(0.988158,-0.00607924) 0 37785 2.02197e-05
5 8 3 1(0.986857,-0.00635815) 0 35145 2.44652e-05
5 8 4 0(0.991756,-0.00420999) 0 20295 1.52035e-05
5 8 4 1(0.988255,-0.0056493) 0 22011 2.39859e-05
5 8 5 0(0.988129,-0.00609385) 0 40623 2.16205e-05
5 8 5 1(0.986822,-0.00637281) 0 38247 2.6854e-05
5 9 0 0(0.981637,-0.00932201) 0 5775 3.68324e-05
5 9 0 1(0.979738,-0.00974322) 0 5247 4.00487e-05
6 1 0 0(0.999963,-6.8543e-10) 0 363 0.00039577
6 1 0 1(0.999978,-1.66566e-10) 0 363 0.000761674
6 1 4 0(0.999963,-5.97788e-16) 0 363 0.000395773
6 1 4 1(0.999978,-2.47195e-15) 0 363 0.000761675
6 1 5 0(0.999963,-5.1766e-09) 0 363 0.000395777
6 1 5 1(0.999978,-1.08555e-09) 0 363 0.000761676
6 2 0 0(0.999955,-1.31571e-17) 0 363 0.000395773
6 2 0 1(0.999972,-1.8383e-17) 0 363 0.000761675
6 2 1 0(0.999956,-1.45554e-10) 0 363 0.000395774
6 2 1 1(0.999972,-3.43238e-10) 0 363 0.000761677
6 3 1 0(0.999951,-1.15186e-12) 0 363 0.000395773
6 3 1 1(0.999969,-1.47683e-12) 0 363 0.000761675
6 3 2 0(0.999951,-4.32925e-10) 0 363 0.000395774
6 3 2 1(0.999969,-2.66717e-10) 0 363 0.000761675
6 3 3 0(0.999951,-6.8439e-41) 0 363 0.000395773
6 3 3 1(0.999969,-8.33611e-37) 0 363 0.000761675
6 3 5 0(0.999978,-3.5063e-06) 0 1186251 1.46414e-07
6 3 5 1(0.999985,-1.29185e-06) 0 831963 2.31725e-07
6 4 0 0(1.00001,-7.35471e-28) 0 363 0.000453396
6 4 0 1(1,-1.41647e-26) 0 363 0.000799058
6 4 1 0(0.999949,-1.02444e-13) 0 363 0.000395773
6 4 1 1(0.999968,-1.51421e-13) 0 363 0.000761675
6 4 2 0(0.999949,-6.22784e-11) 0 363 0.000395773
6 4 2 1(0.999968,-4.27247e-11) 0 363 0.000761675
6 4 3 0(1.00003,-3.59649e-45) 0 363 0.000585563
6 4 3 1(0.999997,-1.19026e-40) 0 363 0.000816601
6 4 5 0(0.999969,-7.40584e-06) 0 1047783 2.80251e-07
6 4 5 1(0.999981,-2.97987e-06) 0 939147 2.18496e-07
6 5 0 0(0.999946,-1.9003e-05) 0 365409 9.11772e-07
6 5 0 1(0.999969,-8.57357e-06) 0 704517 4.06585e-07
6 5 1 0(0.999949,-1.02456e-13) 0 363 0.000395773
6 5 1 1(0.999968,-1.5168e-13) 0 363 0.000761675
6 5 2 0(0.999949,-6.22784e-11) 0 363 0.000395773
6 5 2 1(0.999968,-4.27247e-11) 0 363 0.000761675
6 5 3 0(0.999946,-1.84528e-05) 0 410421 5.76666e-07
6 5 3 1(0.999969,-8.42676e-06) 0 701019 2.7063e-07
6 5 4 0(0.999949,-1.8821e-19) 0 363 0.000395773
6 5 4 1(0.999968,-1.1323e-17) 0 363 0.000761675
6 5 5 0(0.999946,-1.9177e-05) 0 432069 8.16738e-07
6 5 5 1(0.999969,-8.6087e-06) 0 744051 3.9769e-07
6 6 0 0(0.999844,-7.20153e-05) 0 212685 1.61272e-06
6 6 0 1(0.999907,-3.8938e-05) 0 448437 8.75755e-07
6 6 1 0(0.999951,-1.15278e-12) 0 363 0.000395773
6 6 1 1(0.999969,-1.49232e-12) 0 363 0.000761675
6 6 2 0(0.999951,-4.32925e-10) 0 363 0.000395774
6 6 2 1(0.999969,-2.66717e-10) 0 363 0.000761675
6 6 3 0(0.999847,-7.01777e-05) 0 212751 1.28271e-06
6 6 3 1(0.999908,-3.81406e-05) 0 348579 7.40436e-07
6 6 4 0(0.999951,-6.17278e-17) 0 363 0.000395773
6 6 4 1(0.999969,-2.06512e-15) 0 363 0.000761675
6 6 5 0(0.999842,-7.28312e-05) 0 254199 1.33439e-06
6 6 5 1(0.999907,-3.90409e-05) 0 479391 7.16617e-07
6 7 0 0(0.998998,-0.000502725) 0 59565 5.43431e-06
6 7 0 1(0.999241,-0.000359911) 0 86229 4.64032e-06
6 7 1 0(0.999956,-3.51995e-10) 0 363 0.000395774
6 7 1 1(0.999972,-9.37835e-10) 0 363 0.000761677
6 7 2 0(0.999961,-2.43949e-06) 0 2000031 4.24117e-06
6 7 2 1(0.999961,-7.43234e-06) 0 2000031 5.71692e-06
6 7 3 0(0.999021,-0.000490452) 0 38181 5.91423e-06
6 7 3 1(0.999244,-0.000357978) 0 59895 5.2702e-06
6 7 4 0(0.999955,-3.81373e-13) 0 363 0.000395773
6 7 4 1(0.999972,-4.84614e-12) 0 363 0.000761675
6 7 5 0(0.99899,-0.000507074) 0 73953 5.5047e-06
6 7 5 1(0.999238,-0.000361373) 0 86361 5.45236e-06
6 8 0 0(0.992075,-0.00400623) 0 25905 1.95002e-05
6 8 0 1(0.991718,-0.00396911) 0 24717 2.34157e-05
6 8 1 0(0.9926,-0.00374293) 0 779757 8.3007e-06
6 8 1 1(0.991881,-0.00389249) 0 794211 9.20119e-06
6 8 2 0(0.997639,-0.00118677) 0 2000031 0.000326659
6 8 2 1(0.997243,-0.0013183) 0 2000031 0.000528101
6 8 3 0(0.992078,-0.00400618) 0 24717 1.58493e-05
6 8 3 1(0.991718,-0.00396896) 0 22407 2.05413e-05
6 8 4 0(0.999868,-5.45993e-05) 0 204039 7.56697e-07
6 8 4 1(0.999191,-0.00037855) 0 11451 7.77094e-06
6 8 5 0(0.991918,-0.00409533) 0 38445 1.81819e-05
6 8 5 1(0.991619,-0.00402036) 0 32967 2.3581e-05
6 9 0 0(0.980867,-0.00969894) 0 7425 3.77767e-05
6 9 0 1(0.97924,-0.00996915) 0 4851 5.96138e-05
7 5 0 0(0.999993,-1.09675e-06) 0 219549 6.79962e-07
7 5 0 1(0.999996,-2.9376e-07) 0 163251 9.43364e-07
7 5 3 0(0.999983,-1.70683e-09) 0 3267 1.46184e-05
7 5 3 1(0.999997,-1.05924e-09) 0 16731 5.2663e-06
7 5 5 0(0.999993,-1.16654e-06) 0 271227 5.80807e-07
7 5 5 1(0.999997,-3.1436e-07) 0 179751 9.65105e-07
7 6 0 0(0.999985,-4.84371e-06) 0 408111 2.99698e-07
7 6 0 1(0.999994,-1.54278e-06) 0 306801 4.15622e-07
7 6 3 0(0.999995,-3.60823e-09) 0 68607 2.15775e-06
7 6 3 1(0.999995,-4.12245e-09) 0 94479 1.80146e-06
7 6 5 0(0.999985,-4.90181e-06) 0 464277 2.96056e-07
7 6 5 1(0.999995,-1.58678e-06) 0 531465 2.12624e-07
7 7 0 0(0.999893,-5.20658e-05) 0 265089 1.07086e-06
7 7 0 1(0.999946,-2.52053e-05) 0 572517 4.51709e-07
7 7 3 0(0.999909,-4.35107e-05) 0 170181 1.14223e-06
7 7 3 1(0.999947,-2.40973e-05) 0 280269 7.36933e-07
7 7 5 0(0.999892,-5.23889e-05) 0 330825 9.45195e-07
7 7 5 1(0.999945,-2.52767e-05) 0 629079 4.70877e-07
7 8 0 0(0.996523,-0.0017589) 0 29337 1.26019e-05
7 8 0 1(0.996818,-0.0015261) 0 42141 1.15371e-05
7 8 1 0(0.998905,-0.000552724) 0 244299 1.78282e-06
7 8 1 1(0.997874,-0.0010195) 0 352407 2.87774e-06
7 8 2 0(0.999905,-4.56721e-05) 0 2000031 4.03812e-05
7 8 2 1(0.999796,-9.6434e-05) 0 2000031 7.1221e-05
7 8 3 0(0.996566,-0.00173817) 0 22803 1.12568e-05
7 8 3 1(0.99685,-0.00151011) 0 22935 1.28882e-05
7 8 4 0(0.999987,-4.27387e-11) 0 363 0.000395773
7 8 4 1(0.999994,-3.67659e-10) 0 363 0.000761673
7 8 5 0(0.996473,-0.00178529) 0 35079 1.36545e-05
7 8 5 1(0.996805,-0.00153201) 0 45705 1.20484e-05
7 9 0 0(0.980874,-0.00969891) 0 7425 3.74942e-05
7 9 0 1(0.979249,-0.00996895) 0 4851 5.95789e-05
8 7 0 0(0.999987,-4.62644e-06) 0 359667 3.418e-07
8 7 0 1(0.999995,-1.40213e-06) 0 189123 8.42777e-07
8 7 3 0(0.999996,-4.15895e-09) 0 79101 1.89679e-06
8 7 3 1(0.999996,-4.2071e-09) 0 93027 1.83263e-06
8 7 5 0(0.999986,-4.76125e-06) 0 432597 3.04324e-07
8 7 5 1(0.999995,-1.47311e-06) 0 350493 3.66308e-07
8 8 0 0(0.999084,-0.000462552) 0 55341 5.18003e-06
8 8 0 1(0.99932,-0.000325) 0 83985 4.55512e-06
8 8 1 0(0.999988,-4.46405e-10) 0 363 0.000395774
8 8 1 1(0.999995,-1.20753e-09) 0 363 0.000761677
8 8 2 0(0.999992,-2.06876e-06) 0 2000031 2.19643e-06
8 8 2 1(0.999983,-7.22647e-06) 0 2000031 4.03419e-06
8 8 3 0(0.999109,-0.000449968) 0 43197 4.7967e-06
8 8 3 1(0.999325,-0.000322528) 0 60291 4.53539e-06
8 8 5 0(0.999069,-0.000470069) 0 83853 4.54081e-06
8 8 5 1(0.999315,-0.000327487) 0 111969 4.40751e-06
8 9 0 0(0.980875,-0.00969892) 0 7425 3.74942e-05
8 9 0 1(0.979249,-0.00996895) 0 4851 5.95789e-05
9 8 0 0(0.999834,-8.24841e-05) 0 170247 1.74283e-06
9 8 0 1(0.999906,-4.42995e-05) 0 355641 9.37348e-07
9 8 3 0(0.999844,-7.73361e-05) 0 135927 1.65347e-06
9 8 3 1(0.999909,-4.27656e-05) 0 261987 9.02489e-07
9 8 5 0(0.999829,-8.50532e-05) 0 190575 1.66813e-06
9 8 5 1(0.999906,-4.45008e-05) 0 441573 7.66988e-07
9 9 0 0(0.980875,-0.00969892) 0 7425 3.74942e-05
9 9 0 1(0.979249,-0.00996895) 0 4851 5.95789e-05
10 8 0 0(0.999969,-1.34309e-05) 0 435963 3.35669e-07
10 8 0 1(0.999988,-5.00748e-06) 0 488367 2.65516e-07
10 8 3 0(0.999974,-1.08198e-05) 0 857175 1.1989e-07
10 8 3 1(0.999989,-4.24944e-06) 0 619905 1.70572e-07
10 8 5 0(0.999969,-1.36831e-05) 0 582483 2.67418e-07
10 8 5 1(0.999988,-5.10266e-06) 0 611259 2.11185e-07
10 9 0 0(0.980875,-0.00969892) 0 7425 3.74942e-05
10 9 0 1(0.979249,-0.00996895) 0 4851 5.95789e-05
error 0.0020474
Printing SRC CT Glauberarray for /home/wim/Code/share/grids/Gl.Thick.Pb.Ptype0.p487.th10.ph0.sigma42.r10.cth9.phi5.prec100.intgr2.CT.80.dat


Printing contents of knockout vector in FSI grid
0 1 0 0.11095 -0.132656
0 1 36 0.11095 -0.132656
0 1 72 0.11095 -0.132656
0 1 108 0.11095 -0.132656
0 1 144 0.11095 -0.132656
0 1 180 0.11095 -0.132656
0 0.777778 0 0.11095 -0.132656
0 0.777778 36 0.11095 -0.132656
0 0.777778 72 0.11095 -0.132656
0 0.777778 108 0.11095 -0.132656
0 0.777778 144 0.11095 -0.132656
0 0.777778 180 0.11095 -0.132656
0 0.555556 0 0.11095 -0.132656
0 0.555556 36 0.11095 -0.132656
0 0.555556 72 0.11095 -0.132656
0 0.555556 108 0.11095 -0.132656
0 0.555556 144 0.11095 -0.132656
0 0.555556 180 0.11095 -0.132656
0 0.333333 0 0.11095 -0.132656
0 0.333333 36 0.11095 -0.132656
0 0.333333 72 0.11095 -0.132656
0 0.333333 108 0.11095 -0.132656
0 0.333333 144 0.11095 -0.132656
0 0.333333 180 0.11095 -0.132656
0 0.111111 0 0.11095 -0.132656
0 0.111111 36 0.11095 -0.132656
0 0.111111 72 0.11095 -0.132656
0 0.111111 108 0.11095 -0.132656
0 0.111111 144 0.11095 -0.132656
0 0.111111 180 0.11095 -0.132656
0 -0.111111 0 0.11095 -0.132656
0 -0.111111 36 0.11095 -0.132656
0 -0.111111 72 0.11095 -0.132656
0 -0.111111 108 0.11095 -0.132656
0 -0.111111 144 0.11095 -0.132656
0 -0.111111 180 0.11095 -0.132656
0 -0.333333 0 0.11095 -0.132656
0 -0.333333 36 0.11095 -0.132656
0 -0.333333 72 0.11095 -0.132656
0 -0.333333 108 0.11095 -0.132656
0 -0.333333 144 0.11095 -0.132656
0 -0.333333 180 0.11095 -0.132656
0 -0.555556 0 0.11095 -0.132656
0 -0.555556 36 0.11095 -0.132656
0 -0.555556 72 0.11095 -0.132656
0 -0.555556 108 0.11095 -0.132656
0 -0.555556 144 0.11095 -0.132656
0 -0.555556 180 0.11095 -0.132656
0 -0.777778 0 0.11095 -0.132656
0 -0.777778 36 0.11095 -0.132656
0 -0.777778 72 0.11095 -0.132656
0 -0.777778 108 0.11095 -0.132656
0 -0.777778 144 0.11095 -0.132656
0 -0.777778 180 0.11095 -0.132656
0 -1 0 0.11095 -0.132656
0 -1 36 0.11095 -0.132656
0 -1 72 0.11095 -0.132656
0 -1 108 0.11095 -0.132656
0 -1 144 0.11095 -0.132656
0 -1 180 0.11095 -0.132656
1.6 1 0 0.214721 -0.166514
1.6 1 36 0.214721 -0.166514
1.6 1 72 0.214721 -0.166514
1.6 1 108 0.214721 -0.166514
1.6 1 144 0.214721 -0.166514
1.6 1 180 0.214721 -0.166514
1.6 0.777778 0 0.181919 -0.155509
1.6 0.777778 36 0.18231 -0.155603
1.6 0.777778 72 0.184521 -0.156143
1.6 0.777778 108 0.184702 -0.156191
1.6 0.777778 144 0.181888 -0.155514
1.6 0.777778 180 0.181641 -0.155463
1.6 0.555556 0 0.159861 -0.149869
1.6 0.555556 36 0.160097 -0.149937
1.6 0.555556 72 0.16243 -0.150616
1.6 0.555556 108 0.162829 -0.150736
1.6 0.555556 144 0.160037 -0.149928
1.6 0.555556 180 0.159815 -0.149867
1.6 0.333333 0 0.138929 -0.14344
1.6 0.333333 36 0.139064 -0.143492
1.6 0.333333 72 0.14148 -0.144323
1.6 0.333333 108 0.141576 -0.144343
1.6 0.333333 144 0.139061 -0.143461
1.6 0.333333 180 0.138666 -0.143354
1.6 0.111111 0 0.118923 -0.136092
1.6 0.111111 36 0.118981 -0.136105
1.6 0.111111 72 0.12121 -0.136993
1.6 0.111111 108 0.121254 -0.137042
1.6 0.111111 144 0.119145 -0.136193
1.6 0.111111 180 0.118801 -0.136059
1.6 -0.111111 0 0.0999024 -0.127784
1.6 -0.111111 36 0.0999622 -0.127815
1.6 -0.111111 72 0.101904 -0.128707
1.6 -0.111111 108 0.101941 -0.128752
1.6 -0.111111 144 0.100092 -0.127882
1.6 -0.111111 180 0.0997902 -0.127751
1.6 -0.333333 0 0.082173 -0.118758
1.6 -0.333333 36 0.0822697 -0.118813
1.6 -0.333333 72 0.083881 -0.119686
1.6 -0.333333 108 0.0839342 -0.119694
1.6 -0.333333 144 0.0822674 -0.118802
1.6 -0.333333 180 0.0819684 -0.11864
1.6 -0.555556 0 0.0660768 -0.109426
1.6 -0.555556 36 0.066216 -0.109503
1.6 -0.555556 72 0.067496 -0.110307
1.6 -0.555556 108 0.0675945 -0.110367
1.6 -0.555556 144 0.0661691 -0.109482
1.6 -0.555556 180 0.0660215 -0.109393
1.6 -0.777778 0 0.0518533 -0.100157
1.6 -0.777778 36 0.0520315 -0.100292
1.6 -0.777778 72 0.0528978 -0.100907
1.6 -0.777778 108 0.0529515 -0.100941
1.6 -0.777778 144 0.0518497 -0.100159
1.6 -0.777778 180 0.0516993 -0.100047
1.6 -1 0 0.0385863 -0.0883418
1.6 -1 36 0.0385863 -0.0883418
1.6 -1 72 0.0385863 -0.0883418
1.6 -1 108 0.0385863 -0.0883418
1.6 -1 144 0.0385863 -0.0883418
1.6 -1 180 0.0385863 -0.0883418
3.2 1 0 0.442208 -0.195989
3.2 1 36 0.442208 -0.195989
3.2 1 72 0.442208 -0.195989
3.2 1 108 0.442208 -0.195989
3.2 1 144 0.442208 -0.195989
3.2 1 180 0.442208 -0.195989
3.2 0.777778 0 0.340561 -0.178906
3.2 0.777778 36 0.340594 -0.178895
3.2 0.777778 72 0.344215 -0.178957
3.2 0.777778 108 0.346003 -0.178942
3.2 0.777778 144 0.340611 -0.178845
3.2 0.777778 180 0.340416 -0.178918
3.2 0.555556 0 0.304686 -0.188038
3.2 0.555556 36 0.303358 -0.187924
3.2 0.555556 72 0.306888 -0.188237
3.2 0.555556 108 0.310887 -0.188544
3.2 0.555556 144 0.30404 -0.1879
3.2 0.555556 180 0.303208 -0.187949
3.2 0.333333 0 0.256246 -0.189234
3.2 0.333333 36 0.255849 -0.189145
3.2 0.333333 72 0.258675 -0.189626
3.2 0.333333 108 0.26022 -0.189931
3.2 0.333333 144 0.258169 -0.189291
3.2 0.333333 180 0.255476 -0.189154
3.2 0.111111 0 0.202163 -0.180649
3.2 0.111111 36 0.201524 -0.180397
3.2 0.111111 72 0.203043 -0.180822
3.2 0.111111 108 0.204349 -0.18124
3.2 0.111111 144 0.206129 -0.18143
3.2 0.111111 180 0.200296 -0.180175
3.2 -0.111111 0 0.146439 -0.162352
3.2 -0.111111 36 0.145783 -0.16206
3.2 -0.111111 72 0.146852 -0.162479
3.2 -0.111111 108 0.147811 -0.162911
3.2 -0.111111 144 0.149552 -0.163401
3.2 -0.111111 180 0.144666 -0.161723
3.2 -0.333333 0 0.0955085 -0.136571
3.2 -0.333333 36 0.0954723 -0.13654
3.2 -0.333333 72 0.0966357 -0.137162
3.2 -0.333333 108 0.097189 -0.137475
3.2 -0.333333 144 0.097159 -0.137416
3.2 -0.333333 180 0.0949721 -0.136287
3.2 -0.555556 0 0.0560562 -0.108229
3.2 -0.555556 36 0.0554281 -0.107765
3.2 -0.555556 72 0.0567511 -0.108717
3.2 -0.555556 108 0.0574753 -0.109225
3.2 -0.555556 144 0.0558058 -0.108036
3.2 -0.555556 180 0.0553134 -0.107696
3.2 -0.777778 0 0.0274251 -0.0806036
3.2 -0.777778 36 0.0274461 -0.0806284
3.2 -0.777778 72 0.0282594 -0.0814221
3.2 -0.777778 108 0.0282871 -0.081443
3.2 -0.777778 144 0.0274303 -0.0805802
3.2 -0.777778 180 0.0273773 -0.0805743
3.2 -1 0 0.00954428 -0.0580752
3.2 -1 36 0.00954428 -0.0580752
3.2 -1 72 0.00954428 -0.0580752
3.2 -1 108 0.00954428 -0.0580752
3.2 -1 144 0.00954428 -0.0580752
3.2 -1 180 0.00954428 -0.0580752
4.8 1 0 0.970437 -0.176714
4.8 1 36 0.970437 -0.176714
4.8 1 72 0.970437 -0.176714
4.8 1 108 0.970437 -0.176714
4.8 1 144 0.970437 -0.176714
4.8 1 180 0.970437 -0.176714
4.8 0.777778 0 0.691241 -0.166312
4.8 0.777778 36 0.690492 -0.166451
4.8 0.777778 72 0.694628 -0.165462
4.8 0.777778 108 0.889561 -1.39617e-06
4.8 0.777778 144 0.689907 -0.16587
4.8 0.777778 180 0.690354 -0.166542
4.8 0.555556 0 0.683246 -0.212446
4.8 0.555556 36 0.680882 -0.212765
4.8 0.555556 72 0.687358 -0.210662
4.8 0.555556 108 1.0215 -3.2378e-08
4.8 0.555556 144 0.68937 -0.210677
4.8 0.555556 180 0.680113 -0.212955
4.8 0.333333 0 0.581289 -0.236666
4.8 0.333333 36 0.577906 -0.236393
4.8 0.333333 72 0.637492 -0.223818
4.8 0.333333 108 0.581238 -0.236604
4.8 0.333333 144 0.571284 -0.232023
4.8 0.333333 180 0.571506 -0.237489
4.8 0.111111 0 0.434536 -0.241883
4.8 0.111111 36 0.434003 -0.24071
4.8 0.111111 72 0.618227 -0.225655
4.8 0.111111 108 0.434682 -0.241882
4.8 0.111111 144 0.433112 -0.23781
4.8 0.111111 180 0.428842 -0.24162
4.8 -0.111111 0 0.282951 -0.223498
4.8 -0.111111 36 0.285381 -0.223311
4.8 -0.111111 72 0.500215 -0.234321
4.8 -0.111111 108 0.283136 -0.223533
4.8 -0.111111 144 0.296974 -0.223154
4.8 -0.111111 180 0.27886 -0.222639
4.8 -0.333333 0 0.153292 -0.1821
4.8 -0.333333 36 0.154215 -0.182179
4.8 -0.333333 72 0.243216 -0.20841
4.8 -0.333333 108 0.153386 -0.182138
4.8 -0.333333 144 0.157136 -0.182551
4.8 -0.333333 180 0.149927 -0.18064
4.8 -0.555556 0 0.0637516 -0.127698
4.8 -0.555556 36 0.063546 -0.127471
4.8 -0.555556 72 0.0673899 -0.129799
4.8 -0.555556 108 0.0637922 -0.12772
4.8 -0.555556 144 0.0650142 -0.128416
4.8 -0.555556 180 0.0625825 -0.126821
4.8 -0.777778 0 0.0147214 -0.0723828
4.8 -0.777778 36 0.0147549 -0.0724019
4.8 -0.777778 72 0.0150941 -0.0728252
4.8 -0.777778 108 0.0152256 -0.0730173
4.8 -0.777778 144 0.0153116 -0.0730238
4.8 -0.777778 180 0.0145294 -0.0721495
4.8 -1 0 -0.00292296 -0.0388045
4.8 -1 36 -0.00292296 -0.0388045
4.8 -1 72 -0.00292296 -0.0388045
4.8 -1 108 -0.00292296 -0.0388045
4.8 -1 144 -0.00292296 -0.0388045
4.8 -1 180 -0.00292296 -0.0388045
6.4 1 0 1.56728 -0.0423108
6.4 1 36 1.56728 -0.0423108
6.4 1 72 1.56728 -0.0423108
6.4 1 108 1.56728 -0.0423108
6.4 1 144 1.56728 -0.0423108
6.4 1 180 1.56728 -0.0423108
6.4 0.777778 0 1.0874 -0.0529044
6.4 0.777778 36 1.08547 -0.0536425
6.4 0.777778 72 1.08783 -0.0522006
6.4 0.777778 108 1.03429 -4.12655e-11
6.4 0.777778 144 1.08986 -0.0515754
6.4 0.777778 180 1.0854 -0.0538034
6.4 0.555556 0 1.08798 -0.079954
6.4 0.555556 36 1.09138 -0.0783337
6.4 0.555556 72 1.19648 -0.0397224
6.4 0.555556 108 1 0
6.4 0.555556 144 1.08925 -7.58285e-10
6.4 0.555556 180 1.08564 -0.0809587
6.4 0.333333 0 1.15366 -1.15409e-07
6.4 0.333333 36 1.01376 -0.113952
6.4 0.333333 72 1.16517 -0.0375122
6.4 0.333333 108 1.01806 -0.112926
6.4 0.333333 144 1.10331 -4.62416e-11
6.4 0.333333 180 1.00487 -0.118409
6.4 0.111111 0 1.6554 -0.200055
6.4 0.111111 36 0.884146 -0.157947
6.4 0.111111 72 1.14668 -0.0408141
6.4 0.111111 108 0.865638 -0.165205
6.4 0.111111 144 1.10951 -8.23009e-10
6.4 0.111111 180 0.859464 -0.167038
6.4 -0.111111 0 0.632543 -0.214295
6.4 -0.111111 36 0.666834 -0.207464
6.4 -0.111111 72 1.10969 -0.056736
6.4 -0.111111 108 0.634848 -0.213945
6.4 -0.111111 144 1.1192 -0.00845828
6.4 -0.111111 180 0.629535 -0.214677
6.4 -0.333333 0 0.340597 -0.219526
6.4 -0.333333 36 0.359528 -0.220342
6.4 -0.333333 72 0.989222 -0.110355
6.4 -0.333333 108 0.338607 -0.219411
6.4 -0.333333 144 0.835551 -0.148407
6.4 -0.333333 180 0.334137 -0.218946
6.4 -0.555556 0 0.0990892 -0.147332
6.4 -0.555556 36 0.102504 -0.148781
6.4 -0.555556 72 0.688864 -0.207538
6.4 -0.555556 108 0.0990947 -0.147329
6.4 -0.555556 144 0.205544 -0.18909
6.4 -0.555556 180 0.096738 -0.14609
6.4 -0.777778 0 0.00812206 -0.065478
6.4 -0.777778 36 0.00831426 -0.0659798
6.4 -0.777778 72 0.0104855 -0.0690304
6.4 -0.777778 108 0.00821227 -0.0659763
6.4 -0.777778 144 0.00874216 -0.0662125
6.4 -0.777778 180 0.00776767 -0.065359
6.4 -1 0 -0.0076863 -0.0227359
6.4 -1 36 -0.0076863 -0.0227359
6.4 -1 72 -0.0076863 -0.0227359
6.4 -1 108 -0.0076863 -0.0227359
6.4 -1 144 -0.0076863 -0.0227359
6.4 -1 180 -0.0076863 -0.0227359
8 1 0 1.05581 -1.77494e-09
8 1 36 1.05581 -1.77494e-09
8 1 72 1.05581 -1.77494e-09
8 1 108 1.05581 -1.77494e-09
8 1 144 1.05581 -1.77494e-09
8 1 180 1.05581 -1.77494e-09
8 0.777778 0 1.0231 -0.00267965
8 0.777778 36 1.00903 -7.60726e-08
8 0.777778 72 1.09713 -4.51062e-13
8 0.777778 108 1 0
8 0.777778 144 0.976302 -7.36718e-09
8 0.777778 180 1.02201 -0.00343555
8 0.555556 0 0.97019 -1.45663e-09
8 0.555556 36 1.0114 -0.00456541
8 0.555556 72 1.00313 -0.00131727
8 0.555556 108 1 0
8 0.555556 144 1 0
8 0.555556 180 1.05208 -5.22787e-07
8 0.333333 0 1 0
8 0.333333 36 0.96637 -1.53416e-06
8 0.333333 72 0.979143 -0.000253861
8 0.333333 108 0.967998 -4.70274e-24
8 0.333333 144 1 -2.15708e-39
8 0.333333 180 0.996111 -0.0110838
8 0.111111 0 1.08961 -0.0169357
8 0.111111 36 0.964843 -1.41311e-07
8 0.111111 72 0.973378 -0.000230285
8 0.111111 108 0.972332 -0.0214661
8 0.111111 144 1 -9.80123e-18
8 0.111111 180 0.971857 -0.0217926
8 -0.111111 0 0.915252 -0.047446
8 -0.111111 36 0.964843 -1.42181e-07
8 -0.111111 72 0.973174 -0.000384607
8 -0.111111 108 0.915314 -0.0472603
8 -0.111111 144 0.964843 -2.7569e-10
8 -0.111111 180 0.914917 -0.0475895
8 -0.333333 0 0.750958 -0.110617
8 -0.333333 36 0.96637 -1.54845e-06
8 -0.333333 72 0.976216 -0.00164672
8 -0.333333 108 0.750346 -0.110875
8 -0.333333 144 0.966515 -4.02424e-09
8 -0.333333 180 0.749221 -0.111369
8 -0.555556 0 0.337145 -0.179606
8 -0.555556 36 0.443712 -0.175038
8 -0.555556 72 0.886366 -0.0521103
8 -0.555556 108 0.33814 -0.179692
8 -0.555556 144 0.97019 -2.67196e-07
8 -0.555556 180 0.334763 -0.179895
8 -0.777778 0 0.0198515 -0.0728047
8 -0.777778 36 0.0219562 -0.0751356
8 -0.777778 72 0.3111 -0.177564
8 -0.777778 108 0.0199795 -0.0729463
8 -0.777778 144 0.0720354 -0.113084
8 -0.777778 180 0.0196222 -0.0725297
8 -1 0 -0.0077883 -0.0164939
8 -1 36 -0.0077883 -0.0164939
8 -1 72 -0.0077883 -0.0164939
8 -1 108 -0.0077883 -0.0164939
8 -1 144 -0.0077883 -0.0164939
8 -1 180 -0.0077883 -0.0164939
9.6 1 0 1 0
9.6 1 36 1 0
9.6 1 72 1 0
9.6 1 108 1 0
9.6 1 144 1 0
9.6 1 180 1 0
9.6 0.777778 0 0.993597 -9.93856e-08
9.6 0.777778 36 1 -1.11047e-23
9.6 0.777778 72 1 0
9.6 0.777778 108 1 0
9.6 0.777778 144 0.993597 -2.76248e-13
9.6 0.777778 180 0.993596 -7.36544e-07
9.6 0.555556 0 0.992154 -3.14048e-15
9.6 0.555556 36 0.992172 -4.6123e-08
9.6 0.555556 72 1 -1.03218e-23
9.6 0.555556 108 1 0
9.6 0.555556 144 1 0
9.6 0.555556 180 1 0
9.6 0.333333 0 1 0
9.6 0.333333 36 0.991364 -2.63945e-10
9.6 0.333333 72 0.991364 -7.57626e-08
9.6 0.333333 108 0.991364 -6.77764e-35
9.6 0.333333 144 1 -3.036e-50
9.6 0.333333 180 0.996085 -0.000545592
9.6 0.111111 0 1.00105 -1.25549e-24
9.6 0.111111 36 0.991001 -2.50976e-11
9.6 0.111111 72 0.991001 -1.12489e-08
9.6 0.111111 108 1.00398 -9.79941e-39
9.6 0.111111 144 1 -4.33456e-54
9.6 0.111111 180 0.994479 -0.00117102
9.6 -0.111111 0 0.990717 -0.00306882
9.6 -0.111111 36 0.991001 -2.51202e-11
9.6 -0.111111 72 0.991001 -1.12489e-08
9.6 -0.111111 108 0.99066 -0.00298803
9.6 -0.111111 144 0.991001 -9.44992e-16
9.6 -0.111111 180 0.990674 -0.00309326
9.6 -0.333333 0 0.973014 -0.0119381
9.6 -0.333333 36 0.991364 -2.65319e-10
9.6 -0.333333 72 0.991364 -7.57626e-08
9.6 -0.333333 108 0.973474 -0.0116546
9.6 -0.333333 144 0.991364 -1.75599e-13
9.6 -0.333333 180 0.972747 -0.0120431
9.6 -0.555556 0 0.824517 -0.0768536
9.6 -0.555556 36 0.992172 -1.20309e-07
9.6 -0.555556 72 0.991944 -0.000909476
9.6 -0.555556 108 0.827351 -0.0756925
9.6 -0.555556 144 0.992154 -4.41955e-10
9.6 -0.555556 180 0.823544 -0.0773189
9.6 -0.777778 0 0.124459 -0.138015
9.6 -0.777778 36 0.140718 -0.143998
9.6 -0.777778 72 0.572422 -0.151227
9.6 -0.777778 108 0.124515 -0.138071
9.6 -0.777778 144 0.919697 -0.0349161
9.6 -0.777778 180 0.118898 -0.136076
9.6 -1 0 -0.00774035 -0.0138431
9.6 -1 36 -0.00774035 -0.0138431
9.6 -1 72 -0.00774035 -0.0138431
9.6 -1 108 -0.00774035 -0.0138431
9.6 -1 144 -0.00774035 -0.0138431
9.6 -1 180 -0.00774035 -0.0138431
11.2 1 0 1 0
11.2 1 36 1 0
11.2 1 72 1 0
11.2 1 108 1 0
11.2 1 144 1 0
11.2 1 180 1 0
11.2 0.777778 0 1 0
11.2 0.777778 36 1 0
11.2 0.777778 72 1 0
11.2 0.777778 108 1 0
11.2 0.777778 144 1 0
11.2 0.777778 180 1 0
11.2 0.555556 0 1 0
11.2 0.555556 36 1 0
11.2 0.555556 72 1 0
11.2 0.555556 108 1 0
11.2 0.555556 144 1 0
11.2 0.555556 180 1 0
11.2 0.333333 0 1 0
11.2 0.333333 36 1 0
11.2 0.333333 72 1 0
11.2 0.333333 108 1 0
11.2 0.333333 144 1 0
11.2 0.333333 180 1 0
11.2 0.111111 0 1 0
11.2 0.111111 36 1 0
11.2 0.111111 72 1 0
11.2 0.111111 108 1 0
11.2 0.111111 144 1 0
11.2 0.111111 180 1 0
11.2 -0.111111 0 0.998786 -0.000162083
11.2 -0.111111 36 1 -1.80166e-20
11.2 -0.111111 72 1 0
11.2 -0.111111 108 0.997593 -3.01196e-07
11.2 -0.111111 144 1 -1.34079e-22
11.2 -0.111111 180 0.998802 -0.000172556
11.2 -0.333333 0 0.997695 -0.000735126
11.2 -0.333333 36 1 -8.18029e-20
11.2 -0.333333 72 1 0
11.2 -0.333333 108 0.99894 -7.91842e-07
11.2 -0.333333 144 1 -3.5202e-22
11.2 -0.333333 180 0.99769 -0.000746026
11.2 -0.555556 0 0.98217 -0.00847432
11.2 -0.555556 36 1 -9.57803e-19
11.2 -0.555556 72 1 0
11.2 -0.555556 108 0.984345 -0.00734229
11.2 -0.555556 144 1 -3.31216e-18
11.2 -0.555556 180 0.982084 -0.00851931
11.2 -0.777778 0 0.46689 -0.169336
11.2 -0.777778 36 0.723003 -0.111859
11.2 -0.777778 72 0.971536 -0.0132763
11.2 -0.777778 108 0.471307 -0.168834
11.2 -0.777778 144 0.997841 -3.54566e-08
11.2 -0.777778 180 0.462771 -0.169853
11.2 -1 0 -0.00775294 -0.0138669
11.2 -1 36 -0.00775294 -0.0138669
11.2 -1 72 -0.00775294 -0.0138669
11.2 -1 108 -0.00775294 -0.0138669
11.2 -1 144 -0.00775294 -0.0138669
11.2 -1 180 -0.00775294 -0.0138669
12.8 1 0 1 0
12.8 1 36 1 0
12.8 1 72 1 0
12.8 1 108 1 0
12.8 1 144 1 0
12.8 1 180 1 0
12.8 0.777778 0 1 0
12.8 0.777778 36 1 0
12.8 0.777778 72 1 0
12.8 0.777778 108 1 0
12.8 0.777778 144 1 0
12.8 0.777778 180 1 0
12.8 0.555556 0 1 0
12.8 0.555556 36 1 0
12.8 0.555556 72 1 0
12.8 0.555556 108 1 0
12.8 0.555556 144 1 0
12.8 0.555556 180 1 0
12.8 0.333333 0 1 0
12.8 0.333333 36 1 0
12.8 0.333333 72 1 0
12.8 0.333333 108 1 0
12.8 0.333333 144 1 0
12.8 0.333333 180 1 0
12.8 0.111111 0 1 0
12.8 0.111111 36 1 0
12.8 0.111111 72 1 0
12.8 0.111111 108 1 0
12.8 0.111111 144 1 0
12.8 0.111111 180 1 0
12.8 -0.111111 0 1 0
12.8 -0.111111 36 1 0
12.8 -0.111111 72 1 0
12.8 -0.111111 108 1 0
12.8 -0.111111 144 1 0
12.8 -0.111111 180 1 0
12.8 -0.333333 0 1 0
12.8 -0.333333 36 1 0
12.8 -0.333333 72 1 0
12.8 -0.333333 108 1 0
12.8 -0.333333 144 1 0
12.8 -0.333333 180 1 0
12.8 -0.555556 0 0.997898 -0.000696448
12.8 -0.555556 36 1 -7.74832e-20
12.8 -0.555556 72 1 0
12.8 -0.555556 108 0.999193 -8.68312e-07
12.8 -0.555556 144 1 -3.85918e-22
12.8 -0.555556 180 0.997873 -0.000719189
12.8 -0.777778 0 0.839618 -0.0715425
12.8 -0.777778 36 0.998066 -1.54966e-07
12.8 -0.777778 72 0.997551 -0.000851156
12.8 -0.777778 108 0.842668 -0.0702821
12.8 -0.777778 144 1 -3.6923e-17
12.8 -0.777778 180 0.837597 -0.0723433
12.8 -1 0 -0.00775388 -0.0138685
12.8 -1 36 -0.00775388 -0.0138685
12.8 -1 72 -0.00775388 -0.0138685
12.8 -1 108 -0.00775388 -0.0138685
12.8 -1 144 -0.00775388 -0.0138685
12.8 -1 180 -0.00775388 -0.0138685
14.4 1 0 1 0
14.4 1 36 1 0
14.4 1 72 1 0
14.4 1 108 1 0
14.4 1 144 1 0
14.4 1 180 1 0
14.4 0.777778 0 1 0
14.4 0.777778 36 1 0
14.4 0.777778 72 1 0
14.4 0.777778 108 1 0
14.4 0.777778 144 1 0
14.4 0.777778 180 1 0
14.4 0.555556 0 1 0
14.4 0.555556 36 1 0
14.4 0.555556 72 1 0
14.4 0.555556 108 1 0
14.4 0.555556 144 1 0
14.4 0.555556 180 1 0
14.4 0.333333 0 1 0
14.4 0.333333 36 1 0
14.4 0.333333 72 1 0
14.4 0.333333 108 1 0
14.4 0.333333 144 1 0
14.4 0.333333 180 1 0
14.4 0.111111 0 1 0
14.4 0.111111 36 1 0
14.4 0.111111 72 1 0
14.4 0.111111 108 1 0
14.4 0.111111 144 1 0
14.4 0.111111 180 1 0
14.4 -0.111111 0 1 0
14.4 -0.111111 36 1 0
14.4 -0.111111 72 1 0
14.4 -0.111111 108 1 0
14.4 -0.111111 144 1 0
14.4 -0.111111 180 1 0
14.4 -0.333333 0 1 0
14.4 -0.333333 36 1 0
14.4 -0.333333 72 1 0
14.4 -0.333333 108 1 0
14.4 -0.333333 144 1 0
14.4 -0.333333 180 1 0
14.4 -0.555556 0 1 0
14.4 -0.555556 36 1 0
14.4 -0.555556 72 1 0
14.4 -0.555556 108 1 0
14.4 -0.555556 144 1 0
14.4 -0.555556 180 1 0
14.4 -0.777778 0 0.971728 -0.0136319
14.4 -0.777778 36 1 -1.55715e-18
14.4 -0.777778 72 1 0
14.4 -0.777778 108 0.973192 -0.0128984
14.4 -0.777778 144 1 -5.88468e-18
14.4 -0.777778 180 0.971083 -0.0139534
14.4 -1 0 -0.00775392 -0.0138686
14.4 -1 36 -0.00775392 -0.0138686
14.4 -1 72 -0.00775392 -0.0138686
14.4 -1 108 -0.00775392 -0.0138686
14.4 -1 144 -0.00775392 -0.0138686
14.4 -1 180 -0.00775392 -0.0138686
16 1 0 1 0
16 1 36 1 0
16 1 72 1 0
16 1 108 1 0
16 1 144 1 0
16 1 180 1 0
16 0.777778 0 1 0
16 0.777778 36 1 0
16 0.777778 72 1 0
16 0.777778 108 1 0
16 0.777778 144 1 0
16 0.777778 180 1 0
16 0.555556 0 1 0
16 0.555556 36 1 0
16 0.555556 72 1 0
16 0.555556 108 1 0
16 0.555556 144 1 0
16 0.555556 180 1 0
16 0.333333 0 1 0
16 0.333333 36 1 0
16 0.333333 72 1 0
16 0.333333 108 1 0
16 0.333333 144 1 0
16 0.333333 180 1 0
16 0.111111 0 1 0
16 0.111111 36 1 0
16 0.111111 72 1 0
16 0.111111 108 1 0
16 0.111111 144 1 0
16 0.111111 180 1 0
16 -0.111111 0 1 0
16 -0.111111 36 1 0
16 -0.111111 72 1 0
16 -0.111111 108 1 0
16 -0.111111 144 1 0
16 -0.111111 180 1 0
16 -0.333333 0 1 0
16 -0.333333 36 1 0
16 -0.333333 72 1 0
16 -0.333333 108 1 0
16 -0.333333 144 1 0
16 -0.333333 180 1 0
16 -0.555556 0 1 0
16 -0.555556 36 1 0
16 -0.555556 72 1 0
16 -0.555556 108 1 0
16 -0.555556 144 1 0
16 -0.555556 180 1 0
16 -0.777778 0 0.995147 -0.00209276
16 -0.777778 36 1 -2.3347e-19
16 -0.777778 72 1 0
16 -0.777778 108 0.995916 -0.00170479
16 -0.777778 144 1 -7.60167e-19
16 -0.777778 180 0.995064 -0.00213198
16 -1 0 -0.00775392 -0.0138686
16 -1 36 -0.00775392 -0.0138686
16 -1 72 -0.00775392 -0.0138686
16 -1 108 -0.00775392 -0.0138686
16 -1 144 -0.00775392 -0.0138686
16 -1 180 -0.00775392 -0.0138686
