****************************************
Type: 0 = proton
Momentum, norm[MeV]=4878, theta[deg]=0, phi[deg]=0
Scattering Parameters with proton:
sigma[fm^2]: 4.21638, beta^2[fm^2]: 0.326141, epsilon: -0.480312
Scattering Parameters with neutron:
sigma[fm^2]: 4, beta^2[fm^2]: 0.289894, epsilon: -0.507266
Scattering hard scale [GeV^2]: 8
****************************************

Particle 1
****************************************
Type: 0 = proton
Momentum, norm[MeV]=4878, theta[deg]=0, phi[deg]=0
Scattering Parameters with proton:
sigma[fm^2]: 4.21638, beta^2[fm^2]: 0.326141, epsilon: -0.480312
Scattering Parameters with neutron:
sigma[fm^2]: 4, beta^2[fm^2]: 0.289894, epsilon: -0.507266
Scattering hard scale [GeV^2]: 8
****************************************

0 0 0 0(0.991574,-0.00427117) 0 14289 5.50281e-06
0 0 0 1(0.990851,-0.00439228) 0 14883 7.04733e-06
1 0 0 0(0.993946,-0.00312492) 0 143187 2.34531e-06
1 0 0 1(0.993399,-0.00321956) 0 146421 2.54955e-06
1 1 0 0(0.993359,-0.00334338) 0 2000031 1.91399e-06
1 1 0 1(0.992795,-0.0034378) 0 2000031 2.10538e-06
1 1 1 0(0.993361,-0.00334261) 0 2000031 1.77429e-06
1 1 1 1(0.992795,-0.00343759) 0 2000031 2.03096e-06
1 1 2 0(0.993367,-0.00333933) 0 2000031 1.60993e-06
1 1 2 1(0.9928,-0.00343513) 0 2000031 1.85896e-06
1 1 3 0(0.993368,-0.00333901) 0 2000031 1.59655e-06
1 1 3 1(0.992803,-0.00343405) 0 2000031 1.81172e-06
1 1 4 0(0.993362,-0.00334185) 0 2000031 1.57509e-06
1 1 4 1(0.992796,-0.00343727) 0 2000031 1.8167e-06
1 1 5 0(0.993359,-0.00334355) 0 2000031 1.60494e-06
1 1 5 1(0.992794,-0.00343797) 0 2000031 1.84533e-06
1 2 0 0(0.992956,-0.00355617) 0 2000031 2.50619e-06
1 2 0 1(0.992358,-0.00365562) 0 2000031 2.83366e-06
1 2 1 0(0.992957,-0.00355564) 0 2000031 2.24895e-06
1 2 1 1(0.992359,-0.00365543) 0 2000031 2.55376e-06
1 2 2 0(0.992965,-0.0035513) 0 2000031 1.94844e-06
1 2 2 1(0.992365,-0.00365247) 0 2000031 2.22321e-06
1 2 3 0(0.992966,-0.0035508) 0 2000031 1.87853e-06
1 2 3 1(0.992367,-0.00365126) 0 2000031 2.14398e-06
1 2 4 0(0.992958,-0.00355527) 0 2000031 1.80687e-06
1 2 4 1(0.992358,-0.00365553) 0 2000031 2.14151e-06
1 2 5 0(0.992956,-0.0035564) 0 2000031 1.86843e-06
1 2 5 1(0.992358,-0.00365569) 0 2000031 2.18643e-06
1 3 0 0(0.992525,-0.00378323) 0 2000031 2.0657e-06
1 3 0 1(0.991893,-0.00388695) 0 2000031 2.32131e-06
1 3 1 0(0.992526,-0.00378286) 0 2000031 1.76546e-06
1 3 1 1(0.991893,-0.00388683) 0 2000031 2.07838e-06
1 3 2 0(0.992534,-0.0037785) 0 2000031 1.51883e-06
1 3 2 1(0.991899,-0.00388394) 0 2000031 1.80833e-06
1 3 3 0(0.992535,-0.0037778) 0 2000031 1.44231e-06
1 3 3 1(0.991901,-0.00388296) 0 2000031 1.7014e-06
1 3 4 0(0.992526,-0.00378278) 0 1990065 1.37736e-06
1 3 4 1(0.991893,-0.00388681) 0 2000031 1.66713e-06
1 3 5 0(0.992525,-0.00378336) 0 2000031 1.42562e-06
1 3 5 1(0.991893,-0.00388703) 0 2000031 1.70525e-06
1 4 0 0(0.99206,-0.00402534) 0 2000031 1.59422e-06
1 4 0 1(0.991395,-0.0041318) 0 2000031 1.81933e-06
1 4 1 0(0.99206,-0.00402502) 0 1763487 1.52635e-06
1 4 1 1(0.991396,-0.00413169) 0 1781901 1.78119e-06
1 4 2 0(0.992072,-0.00401927) 0 1250205 1.67703e-06
1 4 2 1(0.991404,-0.00412759) 0 1321749 1.8646e-06
1 4 3 0(0.992081,-0.00401453) 0 969705 1.76336e-06
1 4 3 1(0.991409,-0.00412544) 0 1021383 2.00308e-06
1 4 4 0(0.992061,-0.00402487) 0 857307 1.90521e-06
1 4 4 1(0.991396,-0.00413166) 0 900405 2.15509e-06
1 4 5 0(0.992059,-0.00402544) 0 883311 1.87129e-06
1 4 5 1(0.991395,-0.00413186) 0 980265 2.13623e-06
1 5 0 0(0.991555,-0.00428342) 0 2000031 1.59378e-06
1 5 0 1(0.990861,-0.00439052) 0 2000031 1.83404e-06
1 5 1 0(0.991556,-0.00428308) 0 1693791 1.60821e-06
1 5 1 1(0.990861,-0.0043904) 0 1730355 1.85586e-06
1 5 2 0(0.991567,-0.0042772) 0 1209021 1.74038e-06
1 5 2 1(0.99087,-0.00438623) 0 1268091 1.92396e-06
1 5 3 0(0.991577,-0.00427198) 0 923505 1.82208e-06
1 5 3 1(0.990874,-0.00438415) 0 991155 2.07819e-06
1 5 4 0(0.991556,-0.00428294) 0 844371 1.95911e-06
1 5 4 1(0.990861,-0.00439038) 0 884169 2.22685e-06
1 5 5 0(0.991555,-0.00428352) 0 835329 1.92758e-06
1 5 5 1(0.990861,-0.00439057) 0 947595 2.22116e-06
1 6 0 0(0.991012,-0.00455831) 0 2000031 2.12045e-06
1 6 0 1(0.99029,-0.00466449) 0 2000031 2.47287e-06
1 6 1 0(0.991013,-0.00455793) 0 2000031 1.85805e-06
1 6 1 1(0.99029,-0.00466437) 0 2000031 2.20381e-06
1 6 2 0(0.991022,-0.00455352) 0 2000031 1.6144e-06
1 6 2 1(0.990296,-0.00466147) 0 2000031 1.89783e-06
1 6 3 0(0.991023,-0.00455276) 0 2000031 1.53629e-06
1 6 3 1(0.990298,-0.00466044) 0 1982805 1.81568e-06
1 6 4 0(0.991013,-0.00455783) 0 1695837 1.62689e-06
1 6 4 1(0.99029,-0.00466434) 0 1800381 1.90503e-06
1 6 5 0(0.991012,-0.00455842) 0 1724811 1.61897e-06
1 6 5 1(0.990289,-0.00466458) 0 1856745 1.92799e-06
1 7 0 0(0.990445,-0.00484999) 0 2000031 2.58075e-06
1 7 0 1(0.989686,-0.00495792) 0 2000031 2.98065e-06
1 7 1 0(0.990445,-0.00484946) 0 2000031 2.36166e-06
1 7 1 1(0.989686,-0.00495773) 0 2000031 2.7101e-06
1 7 2 0(0.990454,-0.00484499) 0 2000031 2.11017e-06
1 7 2 1(0.989693,-0.00495472) 0 2000031 2.42117e-06
1 7 3 0(0.990455,-0.00484448) 0 2000031 2.03203e-06
1 7 3 1(0.989695,-0.00495342) 0 2000031 2.33043e-06
1 7 4 0(0.990446,-0.00484907) 0 2000031 1.94109e-06
1 7 4 1(0.989686,-0.00495782) 0 2000031 2.31396e-06
1 7 5 0(0.990444,-0.00485023) 0 2000031 1.96607e-06
1 7 5 1(0.989686,-0.00495799) 0 2000031 2.33529e-06
1 8 0 0(0.989869,-0.00515479) 0 2000031 2.10922e-06
1 8 0 1(0.989037,-0.00528226) 0 2000031 2.37917e-06
1 8 1 0(0.989871,-0.00515399) 0 2000031 2.0011e-06
1 8 1 1(0.989037,-0.00528205) 0 2000031 2.3171e-06
1 8 2 0(0.989877,-0.00515058) 0 2000031 1.85813e-06
1 8 2 1(0.989043,-0.00527947) 0 2000031 2.15389e-06
1 8 3 0(0.989878,-0.00515026) 0 2000031 1.81764e-06
1 8 3 1(0.989045,-0.00527824) 0 2000031 2.0765e-06
1 8 4 0(0.989872,-0.00515326) 0 2000031 1.77869e-06
1 8 4 1(0.989038,-0.00528174) 0 2000031 2.10319e-06
1 8 5 0(0.989869,-0.00515496) 0 2000031 1.78448e-06
1 8 5 1(0.989036,-0.00528244) 0 2000031 2.09619e-06
1 9 0 0(0.989203,-0.00543051) 0 102069 2.94341e-06
1 9 0 1(0.988151,-0.00564962) 0 108273 3.3087e-06
2 0 0 0(0.996603,-0.00199351) 0 158037 1.86135e-06
2 0 0 1(0.996306,-0.00204193) 0 160611 2.07879e-06
2 1 0 0(0.995558,-0.0022932) 0 2000031 2.54566e-06
2 1 0 1(0.995192,-0.00234988) 0 2000031 3.00608e-06
2 1 1 0(0.995558,-0.00229317) 0 2000031 2.17851e-06
2 1 1 1(0.995192,-0.0023499) 0 2000031 2.73019e-06
2 1 2 0(0.995569,-0.00228756) 0 2000031 1.99037e-06
2 1 2 1(0.995201,-0.00234559) 0 2000031 2.40298e-06
2 1 3 0(0.995577,-0.00228323) 0 2000031 1.72195e-06
2 1 3 1(0.995211,-0.00234085) 0 2000031 2.11883e-06
2 1 4 0(0.995557,-0.00229319) 0 2000031 1.6544e-06
2 1 4 1(0.995191,-0.00234981) 0 2000031 2.09836e-06
2 1 5 0(0.995558,-0.00229342) 0 2000031 1.76862e-06
2 1 5 1(0.995192,-0.00235004) 0 2000031 2.22923e-06
2 2 0 0(0.99522,-0.0026253) 0 2000031 2.58523e-06
2 2 0 1(0.994802,-0.0026962) 0 2000031 3.0349e-06
2 2 1 0(0.995218,-0.00262634) 0 2000031 2.41064e-06
2 2 1 1(0.9948,-0.00269697) 0 2000031 2.87983e-06
2 2 2 0(0.995232,-0.00261933) 0 2000031 2.87173e-06
2 2 2 1(0.994813,-0.00269091) 0 2000031 3.15188e-06
2 2 3 0(0.995242,-0.00261444) 0 2000031 1.76592e-06
2 2 3 1(0.99482,-0.0026877) 0 2000031 2.16248e-06
2 2 4 0(0.99522,-0.00262523) 0 2000031 1.67678e-06
2 2 4 1(0.994801,-0.0026963) 0 2000031 2.17243e-06
2 2 5 0(0.995218,-0.00262664) 0 2000031 1.81911e-06
2 2 5 1(0.9948,-0.00269714) 0 2000031 2.3278e-06
2 3 0 0(0.994693,-0.00301147) 0 2000031 2.02541e-06
2 3 0 1(0.994208,-0.00309892) 0 2000031 2.42184e-06
2 3 1 0(0.99469,-0.00301312) 0 2000031 2.0222e-06
2 3 1 1(0.994206,-0.00309977) 0 2000031 2.38346e-06
2 3 2 0(0.994707,-0.00300414) 0 2000031 3.94832e-06
2 3 2 1(0.99422,-0.00309276) 0 2000031 3.8377e-06
2 3 3 0(0.99471,-0.00300312) 0 2000031 1.34976e-06
2 3 3 1(0.994222,-0.00309226) 0 2000031 1.70601e-06
2 3 4 0(0.994693,-0.00301095) 0 2000031 1.3188e-06
2 3 4 1(0.994207,-0.00309879) 0 2000031 1.70731e-06
2 3 5 0(0.99469,-0.00301336) 0 2000031 1.44164e-06
2 3 5 1(0.994206,-0.0030999) 0 2000031 1.82427e-06
2 4 0 0(0.993933,-0.00345717) 0 2000031 1.55856e-06
2 4 0 1(0.993365,-0.0035627) 0 2000031 1.86915e-06
2 4 1 0(0.993931,-0.00345815) 0 2000031 1.43804e-06
2 4 1 1(0.993365,-0.00356286) 0 2000031 1.75315e-06
2 4 2 0(0.993951,-0.00344758) 0 2000031 5.67542e-06
2 4 2 1(0.993379,-0.0035556) 0 2000031 4.54577e-06
2 4 3 0(0.993961,-0.00344333) 0 1065603 1.67085e-06
2 4 3 1(0.993388,-0.00355153) 0 1048245 2.07146e-06
2 4 4 0(0.993944,-0.003451) 0 1129557 1.65953e-06
2 4 4 1(0.993384,-0.00355291) 0 1048971 2.07059e-06
2 4 5 0(0.993931,-0.00345834) 0 1004421 1.8486e-06
2 4 5 1(0.993364,-0.00356323) 0 1089495 2.1809e-06
2 5 0 0(0.992937,-0.00396249) 0 1838793 1.70045e-06
2 5 0 1(0.99227,-0.00408894) 0 1871727 2.02557e-06
2 5 1 0(0.992935,-0.00396345) 0 1859979 1.56853e-06
2 5 1 1(0.992269,-0.00408911) 0 1929741 1.86529e-06
2 5 2 0(0.992957,-0.00395172) 0 2000031 6.5151e-06
2 5 2 1(0.992284,-0.00408151) 0 2000031 5.09827e-06
2 5 3 0(0.992966,-0.00394762) 0 911889 1.92645e-06
2 5 3 1(0.992295,-0.00407652) 0 921261 2.30749e-06
2 5 4 0(0.992951,-0.00395448) 0 1016565 1.8203e-06
2 5 4 1(0.992293,-0.0040772) 0 925551 2.31317e-06
2 5 5 0(0.992935,-0.00396379) 0 898689 2.09886e-06
2 5 5 1(0.992268,-0.0040895) 0 980265 2.40482e-06
2 6 0 0(0.991707,-0.00452656) 0 2000031 2.12576e-06
2 6 0 1(0.990924,-0.00467602) 0 2000031 2.58441e-06
2 6 1 0(0.991703,-0.00452827) 0 2000031 2.14497e-06
2 6 1 1(0.990922,-0.00467687) 0 2000031 2.53206e-06
2 6 2 0(0.991721,-0.00451876) 0 2000031 5.02383e-06
2 6 2 1(0.990937,-0.00466946) 0 2000031 4.72365e-06
2 6 3 0(0.991726,-0.0045167) 0 1857999 1.55884e-06
2 6 3 1(0.990939,-0.00466897) 0 2000031 1.88003e-06
2 6 4 0(0.991709,-0.00452514) 0 1734381 1.62638e-06
2 6 4 1(0.990925,-0.00467562) 0 1976865 1.95306e-06
2 6 5 0(0.991703,-0.00452855) 0 1929873 1.7062e-06
2 6 5 1(0.990922,-0.00467704) 0 2000031 2.10802e-06
2 7 0 0(0.990243,-0.00515047) 0 2000031 2.8627e-06
2 7 0 1(0.989348,-0.00531558) 0 2000031 3.40446e-06
2 7 1 0(0.990241,-0.00515151) 0 2000031 2.63972e-06
2 7 1 1(0.989347,-0.00531632) 0 2000031 3.25036e-06
2 7 2 0(0.990256,-0.00514377) 0 2000031 3.55027e-06
2 7 2 1(0.98936,-0.00530994) 0 2000031 3.942e-06
2 7 3 0(0.990265,-0.00513938) 0 2000031 1.94167e-06
2 7 3 1(0.989367,-0.00530655) 0 2000031 2.476e-06
2 7 4 0(0.990243,-0.00515028) 0 2000031 1.90169e-06
2 7 4 1(0.989349,-0.00531545) 0 2000031 2.53486e-06
2 7 5 0(0.99024,-0.00515186) 0 2000031 2.06385e-06
2 7 5 1(0.989347,-0.00531654) 0 2000031 2.70658e-06
2 8 0 0(0.988573,-0.00585169) 0 2000031 3.03674e-06
2 8 0 1(0.987643,-0.00599051) 0 2000031 3.67734e-06
2 8 1 0(0.988574,-0.00585167) 0 2000031 2.75237e-06
2 8 1 1(0.987643,-0.00599052) 0 2000031 3.38326e-06
2 8 2 0(0.988586,-0.00584548) 0 2000031 2.56664e-06
2 8 2 1(0.987654,-0.00598565) 0 2000031 3.0599e-06
2 8 3 0(0.988595,-0.00584068) 0 2000031 2.16175e-06
2 8 3 1(0.987663,-0.00598099) 0 2000031 2.7218e-06
2 8 4 0(0.988573,-0.00585159) 0 2000031 2.08816e-06
2 8 4 1(0.987643,-0.00599031) 0 2000031 2.70272e-06
2 8 5 0(0.988573,-0.00585196) 0 2000031 2.19251e-06
2 8 5 1(0.987643,-0.00599068) 0 2000031 2.86891e-06
2 9 0 0(0.986935,-0.00658483) 0 63723 3.64617e-06
2 9 0 1(0.985699,-0.0068257) 0 68805 4.49982e-06
3 0 0 0(0.99986,-0.000894415) 0 225621 1.09472e-06
3 0 0 1(0.999951,-0.000869323) 0 239745 1.15526e-06
3 1 0 0(0.998372,-0.00114204) 0 2000031 2.28435e-06
3 1 0 1(0.998338,-0.00112289) 0 2000031 2.65865e-06
3 1 1 0(0.998368,-0.00114393) 0 2000031 2.25463e-06
3 1 1 1(0.998335,-0.00112382) 0 2000031 2.59803e-06
3 1 2 0(0.998382,-0.00113658) 0 2000031 3.09922e-06
3 1 2 1(0.998348,-0.00111749) 0 2000031 3.22351e-06
3 1 3 0(0.999448,-2.82469e-09) 0 561 8.36404e-05
3 1 3 1(0.999427,-1.46721e-08) 0 693 4.4781e-05
3 1 4 0(0.998367,-0.00114252) 0 2000031 1.70144e-06
3 1 4 1(0.998331,-0.00112341) 0 2000031 2.02289e-06
3 1 5 0(0.998368,-0.00114415) 0 2000031 1.82988e-06
3 1 5 1(0.998336,-0.00112393) 0 2000031 2.21943e-06
3 2 0 0(0.998399,-0.00145451) 0 2000031 2.07688e-06
3 2 0 1(0.998344,-0.00145276) 0 2000031 2.4216e-06
3 2 1 0(0.998389,-0.00145952) 0 2000031 2.09226e-06
3 2 1 1(0.998338,-0.00145508) 0 2000031 2.3264e-06
3 2 2 0(0.998449,-0.00142016) 0 2000031 4.30581e-05
3 2 2 1(0.998359,-0.00143878) 0 2000031 2.75535e-05
3 2 3 0(1.0001,-4.22986e-11) 0 561 9.85997e-05
3 2 3 1(1.00013,-3.16188e-10) 0 561 7.28469e-05
3 2 4 0(0.998401,-0.00144802) 0 2000031 1.61722e-06
3 2 4 1(0.998345,-0.00144709) 0 2000031 1.91816e-06
3 2 5 0(0.998387,-0.00146084) 0 2000031 1.7979e-06
3 2 5 1(0.998338,-0.00145566) 0 2000031 2.20365e-06
3 3 0 0(0.997761,-0.00187365) 0 2000031 1.85201e-06
3 3 0 1(0.997627,-0.0018942) 0 2000031 2.13652e-06
3 3 1 0(0.997748,-0.0018795) 0 2000031 1.51509e-06
3 3 1 1(0.997616,-0.00189921) 0 2000031 1.73085e-06
3 3 2 0(0.998316,-0.00153336) 0 2000031 0.000442479
3 3 2 1(0.997808,-0.00175369) 0 2000031 0.000327809
3 3 3 0(0.99776,-0.00187399) 0 2000031 1.41262e-06
3 3 3 1(0.997624,-0.0018954) 0 2000031 1.70573e-06
3 3 4 0(0.997718,-0.001871) 0 2000031 1.21038e-06
3 3 4 1(0.997575,-0.00189374) 0 2000031 1.43675e-06
3 3 5 0(0.997745,-0.00188149) 0 2000031 1.44719e-06
3 3 5 1(0.997611,-0.00190197) 0 2000031 1.78986e-06
3 4 0 0(0.996697,-0.00243873) 0 2000031 1.44292e-06
3 4 0 1(0.996428,-0.00249608) 0 1953765 1.67314e-06
3 4 1 0(0.996689,-0.00244231) 0 2000031 1.13256e-06
3 4 1 1(0.996415,-0.00250199) 0 2000031 1.40896e-06
3 4 2 0(0.998348,-0.00151569) 0 2000031 0.000771378
3 4 2 1(0.997438,-0.00193022) 0 2000031 0.000747822
3 4 3 0(0.996696,-0.00243881) 0 1641189 1.27111e-06
3 4 3 1(0.996421,-0.00249946) 0 1629573 1.50158e-06
3 4 4 0(0.996666,-0.00242759) 0 1412103 1.14056e-06
3 4 4 1(0.996394,-0.00248641) 0 1412169 1.37678e-06
3 4 5 0(0.996681,-0.00244696) 0 1494999 1.40774e-06
3 4 5 1(0.996409,-0.00250524) 0 1581987 1.64425e-06
3 5 0 0(0.995234,-0.00318089) 0 1615251 1.75993e-06
3 5 0 1(0.994776,-0.0032892) 0 1470513 2.13945e-06
3 5 1 0(0.995225,-0.00318465) 0 1851795 1.30941e-06
3 5 1 1(0.994758,-0.00329771) 0 1818069 1.6217e-06
3 5 2 0(0.997704,-0.00184844) 0 2000031 0.00104532
3 5 2 1(0.996295,-0.00248641) 0 2000031 0.000977049
3 5 3 0(0.995237,-0.00317939) 0 1271655 1.71924e-06
3 5 3 1(0.994766,-0.00329429) 0 1240173 1.99921e-06
3 5 4 0(0.995354,-0.00309444) 0 1072599 1.4715e-06
3 5 4 1(0.994833,-0.00324473) 0 1087251 1.77786e-06
3 5 5 0(0.995215,-0.0031905) 0 1256805 1.95976e-06
3 5 5 1(0.99475,-0.00330148) 0 1266243 2.325e-06
3 6 0 0(0.993331,-0.00412076) 0 2000031 2.03896e-06
3 6 0 1(0.992648,-0.00428528) 0 2000031 2.4113e-06
3 6 1 0(0.99332,-0.00412573) 0 2000031 1.77009e-06
3 6 1 1(0.992638,-0.00429027) 0 2000031 2.09342e-06
3 6 2 0(0.995252,-0.00308408) 0 2000031 0.00098985
3 6 2 1(0.993436,-0.00385305) 0 2000031 0.000674752
3 6 3 0(0.993332,-0.00412033) 0 2000031 1.68769e-06
3 6 3 1(0.992646,-0.00428655) 0 2000031 2.06913e-06
3 6 4 0(0.993387,-0.00408653) 0 2000031 1.42628e-06
3 6 4 1(0.992676,-0.0042674) 0 2000031 1.72931e-06
3 6 5 0(0.993315,-0.0041286) 0 2000031 1.85921e-06
3 6 5 1(0.992631,-0.00429345) 0 2000031 2.30188e-06
3 7 0 0(0.990962,-0.00522746) 0 2000031 2.69235e-06
3 7 0 1(0.990076,-0.00542361) 0 2000031 3.22761e-06
3 7 1 0(0.990951,-0.00523248) 0 2000031 2.60076e-06
3 7 1 1(0.990071,-0.00542577) 0 2000031 3.03323e-06
3 7 2 0(0.991201,-0.00508803) 0 2000031 0.000195214
3 7 2 1(0.99015,-0.00537512) 0 2000031 9.80455e-05
3 7 3 0(0.990968,-0.00522416) 0 2000031 2.23665e-06
3 7 3 1(0.990091,-0.00541637) 0 2000031 2.70975e-06
3 7 4 0(0.990982,-0.00521145) 0 2000031 1.97939e-06
3 7 4 1(0.990089,-0.00541234) 0 2000031 2.53209e-06
3 7 5 0(0.990948,-0.00523424) 0 2000031 2.40597e-06
3 7 5 1(0.99007,-0.00542666) 0 2000031 2.9864e-06
3 8 0 0(0.987961,-0.00642319) 0 2000031 3.08613e-06
3 8 0 1(0.986827,-0.0066513) 0 2000031 3.65741e-06
3 8 1 0(0.987957,-0.00642494) 0 2000031 2.99649e-06
3 8 1 1(0.986825,-0.00665218) 0 2000031 3.56577e-06
3 8 2 0(0.987981,-0.00641258) 0 2000031 7.63976e-06
3 8 2 1(0.986845,-0.00664255) 0 2000031 6.66804e-06
3 8 3 0(0.987982,-0.00641268) 0 2000031 2.29831e-06
3 8 3 1(0.986845,-0.0066426) 0 2000031 2.85654e-06
3 8 4 0(0.98796,-0.00642176) 0 2000031 2.2321e-06
3 8 4 1(0.986826,-0.00665055) 0 2000031 2.9211e-06
3 8 5 0(0.987956,-0.00642562) 0 2000031 2.56908e-06
3 8 5 1(0.986825,-0.00665238) 0 2000031 3.24189e-06
3 9 0 0(0.984967,-0.00772071) 0 44913 4.57992e-06
3 9 0 1(0.983526,-0.0080078) 0 50523 5.50168e-06
4 0 0 0(1.00208,-0.000170966) 0 450021 3.44406e-07
4 0 0 1(1.00218,-0.000130161) 0 538527 2.96753e-07
4 1 0 0(1.00037,-0.000253301) 0 2000031 1.3808e-06
4 1 0 1(1.00046,-0.000203982) 0 2000031 1.5828e-06
4 1 1 0(1.00036,-0.000258051) 0 2000031 1.21294e-06
4 1 1 1(1.00046,-0.000206) 0 2000031 1.38018e-06
4 1 2 0(1.00038,-0.000249322) 0 2000031 1.05386e-05
4 1 2 1(1.00046,-0.00020188) 0 2000031 8.39179e-06
4 1 3 0(1.00016,-3.13932e-14) 0 561 8.36395e-05
4 1 3 1(1.00017,-5.20224e-13) 0 561 6.83686e-05
4 1 4 0(1.00038,-0.000250662) 0 2000031 1.0147e-06
4 1 4 1(1.00047,-0.000199894) 0 2000031 1.17202e-06
4 1 5 0(1.00036,-0.000258931) 0 2000031 1.13741e-06
4 1 5 1(1.00046,-0.000206384) 0 2000031 1.34612e-06
4 2 0 0(1.00037,-0.000380701) 0 2000031 1.21481e-06
4 2 0 1(1.00048,-0.000318247) 0 2000031 1.42547e-06
4 2 1 0(1.00037,-0.000378076) 0 2000031 1.37054e-06
4 2 1 1(1.00048,-0.000317618) 0 2000031 1.48463e-06
4 2 2 0(1.00087,-0.000159967) 0 2000031 0.000450002
4 2 2 1(1.00087,-0.00015927) 0 2000031 0.000447076
4 2 4 0(1.00041,-1.386e-12) 0 561 8.36395e-05
4 2 4 1(1.00042,-6.44951e-12) 0 561 6.83686e-05
4 2 5 0(1.00036,-0.000383888) 0 2000031 1.13007e-06
4 2 5 1(1.00047,-0.000321484) 0 2000031 1.38617e-06
4 3 0 0(1.00071,-3.54671e-09) 0 891 9.34097e-05
4 3 0 1(1.00074,-4.97608e-09) 0 693 9.55847e-05
4 3 1 0(1.00003,-0.000581462) 0 2000031 1.50089e-06
4 3 1 1(1.00014,-0.000508566) 0 2000031 1.73351e-06
4 3 2 0(1.00074,-0.000147796) 0 2000031 0.000428675
4 3 2 1(1.00073,-0.000165671) 0 2000031 0.000444011
4 3 3 0(1.00001,-0.000593205) 0 2000031 9.29712e-07
4 3 3 1(1.00014,-0.000511731) 0 2000031 1.05433e-06
4 3 4 0(1.00047,-3.18907e-14) 0 561 8.36395e-05
4 3 4 1(1.00048,-1.98033e-12) 0 561 6.83686e-05
4 3 5 0(1,-0.000596263) 0 2000031 8.76036e-07
4 3 5 1(1.00013,-0.000517213) 0 2000031 1.00742e-06
4 4 0 0(0.999321,-0.000955833) 0 2000031 9.33122e-07
4 4 0 1(0.999433,-0.000864147) 0 2000031 1.14489e-06
4 4 1 0(0.999386,-0.000916574) 0 2000031 2.3383e-06
4 4 1 1(0.999464,-0.000843974) 0 2000031 2.65886e-06
4 4 2 0(1.0007,-0.000146743) 0 2000031 0.000409211
4 4 2 1(1.0006,-0.000208681) 0 2000031 0.000431947
4 4 3 0(0.999328,-0.000952005) 0 1935483 7.38576e-07
4 4 3 1(0.999437,-0.000862248) 0 2000031 8.26494e-07
4 4 4 0(1.0005,-5.97329e-13) 0 561 8.36395e-05
4 4 4 1(1.00051,-1.02638e-11) 0 561 6.83685e-05
4 4 5 0(0.999314,-0.00095956) 0 1965051 7.19276e-07
4 4 5 1(0.999428,-0.00086668) 0 2000031 8.26244e-07
4 5 0 0(0.998038,-0.00160678) 0 1213377 1.48236e-06
4 5 0 1(0.998065,-0.00152128) 0 1540539 1.4069e-06
4 5 1 0(0.998164,-0.00153609) 0 2000031 3.18628e-06
4 5 1 1(0.998123,-0.00148839) 0 2000031 3.24363e-06
4 5 2 0(1.00061,-0.000192428) 0 2000031 0.000445483
4 5 2 1(1.00035,-0.000327582) 0 2000031 0.000497857
4 5 3 0(0.998048,-0.00160129) 0 1155561 1.21012e-06
4 5 3 1(0.99807,-0.00151903) 0 1327887 1.29339e-06
4 5 4 0(1.0005,-1.30963e-09) 0 561 8.36344e-05
4 5 4 1(0.999444,-0.000764923) 0 2000031 6.30528e-07
4 5 5 0(0.998028,-0.00161174) 0 1311519 1.44483e-06
4 5 5 1(0.998059,-0.0015242) 0 1532487 1.44058e-06
4 6 0 0(0.995704,-0.00277711) 0 2000031 1.40359e-06
4 6 0 1(0.995445,-0.00276691) 0 2000031 1.55381e-06
4 6 1 0(0.995775,-0.0027376) 0 2000031 2.94247e-06
4 6 1 1(0.995465,-0.00275361) 0 2000031 3.168e-06
4 6 2 0(1.00014,-0.000446556) 0 2000031 0.000640324
4 6 2 1(0.999727,-0.000668601) 0 2000031 0.000798515
4 6 3 0(0.995704,-0.00277737) 0 1900173 1.19281e-06
4 6 3 1(0.995446,-0.00276663) 0 1961289 1.39577e-06
4 6 4 0(0.997821,-0.00164319) 0 2000031 6.67706e-07
4 6 4 1(0.996251,-0.00232284) 0 2000031 8.68899e-07
4 6 5 0(0.995696,-0.00278143) 0 1938387 1.34445e-06
4 6 5 1(0.995434,-0.0027724) 0 2000031 1.57332e-06
4 7 0 0(0.992023,-0.00461353) 0 2000031 1.8568e-06
4 7 0 1(0.991107,-0.00482022) 0 2000031 2.22518e-06
4 7 1 0(0.992025,-0.00461124) 0 2000031 2.27129e-06
4 7 1 1(0.991093,-0.00482078) 0 2000031 2.14317e-06
4 7 2 0(0.998676,-0.00128216) 0 2000031 0.00127812
4 7 2 1(0.99802,-0.0015927) 0 2000031 0.00181598
4 7 3 0(0.99201,-0.0046199) 0 2000031 1.65309e-06
4 7 3 1(0.991104,-0.00482189) 0 1941621 1.96336e-06
4 7 4 0(0.992589,-0.00430746) 0 1912977 1.25111e-06
4 7 4 1(0.991306,-0.00471017) 0 1726857 1.63811e-06
4 7 5 0(0.992005,-0.00462285) 0 1952313 1.79435e-06
4 7 5 1(0.991094,-0.00482648) 0 1996797 2.15615e-06
4 8 0 0(0.987514,-0.00677523) 0 2000031 2.42785e-06
4 8 0 1(0.986135,-0.00708399) 0 2000031 2.72397e-06
4 8 1 0(0.987505,-0.00677949) 0 2000031 2.17204e-06
4 8 1 1(0.986134,-0.00708597) 0 2000031 2.62062e-06
4 8 2 0(0.987921,-0.00655483) 0 2000031 0.000289704
4 8 2 1(0.986248,-0.00702482) 0 2000031 0.000106776
4 8 3 0(0.987527,-0.00676778) 0 1357785 2.25791e-06
4 8 3 1(0.986156,-0.00707442) 0 1418109 2.80202e-06
4 8 4 0(0.987571,-0.00674528) 0 1240239 2.14067e-06
4 8 4 1(0.986169,-0.00706239) 0 1391445 2.5542e-06
4 8 5 0(0.987504,-0.00678142) 0 1531167 2.52075e-06
4 8 5 1(0.986133,-0.00708689) 0 1599477 2.93163e-06
4 9 0 0(0.982846,-0.00882951) 0 29469 5.61612e-06
4 9 0 1(0.981122,-0.00919157) 0 34023 6.83383e-06
5 0 0 0(1.00034,-2.01465e-10) 0 561 8.36395e-05
5 0 0 1(1.00014,-3.74777e-10) 0 561 6.83685e-05
5 1 0 0(1.00013,-1.56674e-05) 0 2000031 4.14607e-07
5 1 0 1(1.00008,-7.87009e-06) 0 2000031 3.64832e-07
5 1 1 0(1.00012,-1.89417e-05) 0 2000031 4.12046e-07
5 1 1 1(1.00008,-1.00628e-05) 0 2000031 3.74285e-07
5 1 2 0(1.00013,-1.11993e-05) 0 2000031 4.3725e-05
5 1 2 1(1.00008,-6.4235e-06) 0 2000031 3.39522e-05
5 1 4 0(0.999899,-2.02569e-11) 0 561 8.36395e-05
5 1 4 1(0.99987,-6.41945e-11) 0 561 6.83685e-05
5 1 5 0(1.00012,-1.98758e-05) 0 2000031 4.00493e-07
5 1 5 1(1.00008,-1.04584e-05) 0 2000031 3.65747e-07
5 2 0 0(0.999874,-9.93419e-12) 0 561 8.36395e-05
5 2 0 1(0.999834,-3.21226e-12) 0 561 6.83686e-05
5 2 1 0(1.00007,-2.60934e-05) 0 2000031 7.05139e-07
5 2 1 1(1.00003,-1.49562e-05) 0 2000031 5.80061e-07
5 2 2 0(1.00003,-7.11007e-06) 0 2000031 5.09787e-05
5 2 2 1(0.999985,-5.08923e-06) 0 2000031 4.17966e-05
5 2 5 0(1.00007,-3.43529e-05) 0 2000031 3.95374e-07
5 2 5 1(1.00002,-1.97922e-05) 0 2000031 3.87334e-07
5 3 1 0(0.999858,-4.83728e-09) 0 561 8.36346e-05
5 3 1 1(0.999812,-9.24354e-09) 0 561 6.83515e-05
5 3 2 0(0.999922,-1.36763e-06) 0 2000031 6.21931e-05
5 3 2 1(0.999863,-1.06002e-06) 0 2000031 5.0695e-05
5 3 3 0(0.999865,-6.93016e-29) 0 561 8.36395e-05
5 3 3 1(0.999816,-5.373e-26) 0 561 6.83686e-05
5 3 5 0(0.999993,-6.30317e-05) 0 2000031 3.38548e-07
5 3 5 1(0.999964,-3.88692e-05) 0 2000031 3.32551e-07
5 4 0 0(0.999866,-0.000123762) 0 2000031 3.78454e-07
5 4 0 1(0.999864,-8.19846e-05) 0 2000031 3.60157e-07
5 4 1 0(0.99985,-5.8054e-10) 0 561 8.36391e-05
5 4 1 1(0.999802,-1.01601e-09) 0 561 6.83671e-05
5 4 2 0(0.999894,-9.39455e-07) 0 2000031 3.95809e-05
5 4 2 1(0.999835,-1.44122e-06) 0 2000031 3.18556e-05
5 4 3 0(0.999866,-0.00012336) 0 2000031 2.71723e-07
5 4 3 1(0.999863,-8.1826e-05) 0 2000031 2.82263e-07
5 4 5 0(0.999865,-0.00012442) 0 2000031 3.06959e-07
5 4 5 1(0.999863,-8.22246e-05) 0 2000031 3.05283e-07
5 5 0 0(0.999557,-0.000280612) 0 2000031 3.89973e-07
5 5 0 1(0.999616,-0.000201156) 0 2000031 3.73725e-07
5 5 1 0(0.99985,-5.81509e-10) 0 561 8.36391e-05
5 5 1 1(0.999802,-1.02449e-09) 0 561 6.83671e-05
5 5 2 0(0.999893,-1.35286e-06) 0 2000031 4.06001e-05
5 5 2 1(0.999833,-2.74016e-06) 0 2000031 3.27169e-05
5 5 3 0(0.999557,-0.000280209) 0 2000031 2.91816e-07
5 5 3 1(0.999616,-0.000200952) 0 2000031 3.06988e-07
5 5 4 0(0.99985,-2.53006e-13) 0 561 8.36395e-05
5 5 4 1(0.999802,-2.26722e-12) 0 561 6.83686e-05
5 5 5 0(0.999555,-0.000281279) 0 2000031 4.43232e-07
5 5 5 1(0.999615,-0.000201394) 0 2000031 4.46571e-07
5 6 0 0(0.998606,-0.000766447) 0 1928619 5.35968e-07
5 6 0 1(0.998767,-0.000613522) 0 2000031 5.57641e-07
5 6 1 0(0.999858,-4.85569e-09) 0 561 8.36346e-05
5 6 1 1(0.999812,-9.39407e-09) 0 561 6.83516e-05
5 6 2 0(0.99991,-6.92897e-06) 0 2000031 6.56398e-05
5 6 2 1(0.999845,-9.92176e-06) 0 2000031 5.90233e-05
5 6 3 0(0.998603,-0.00076823) 0 1860441 4.3367e-07
5 6 3 1(0.998767,-0.0006137) 0 2000031 4.15445e-07
5 6 4 0(0.999858,-4.84471e-12) 0 561 8.36395e-05
5 6 4 1(0.999812,-5.0132e-11) 0 561 6.83684e-05
5 6 5 0(0.9986,-0.000769881) 0 1946307 5.17532e-07
5 6 5 1(0.998765,-0.000614396) 0 2000031 5.23255e-07
5 7 0 0(0.995357,-0.00241996) 0 748803 1.73452e-06
5 7 0 1(0.995392,-0.00224266) 0 808269 1.8549e-06
5 7 1 0(0.995707,-0.00223744) 0 2000031 2.00163e-06
5 7 1 1(0.995499,-0.00218918) 0 2000031 1.74785e-06
5 7 2 0(0.999826,-0.000104727) 0 2000031 0.000134311
5 7 2 1(0.998818,-0.000554532) 0 2000031 0.000187085
5 7 3 0(0.99535,-0.00242493) 0 816387 1.36458e-06
5 7 3 1(0.995392,-0.0022432) 0 838761 1.53864e-06
5 7 4 0(0.999874,-5.66432e-10) 0 561 8.36371e-05
5 7 4 1(0.99983,-3.16761e-09) 0 1749 3.01971e-05
5 7 5 0(0.995339,-0.00243225) 0 911757 1.70275e-06
5 7 5 1(0.995383,-0.0022486) 0 869055 1.85367e-06
5 8 0 0(0.988109,-0.00610662) 0 574167 3.19658e-06
5 8 0 1(0.986842,-0.00636559) 0 429495 4.10127e-06
5 8 1 0(0.988073,-0.00612911) 0 1767315 1.94261e-06
5 8 1 1(0.986813,-0.0063817) 0 1398177 2.36426e-06
5 8 2 0(0.995971,-0.0021044) 0 2000031 0.00159876
5 8 2 1(0.993695,-0.00305885) 0 2000031 0.0020474
5 8 3 0(0.988085,-0.00611978) 0 546183 3.22145e-06
5 8 3 1(0.986834,-0.006369) 0 376101 3.86034e-06
5 8 4 0(0.989484,-0.00540994) 0 224697 2.95901e-06
5 8 4 1(0.987474,-0.00605944) 0 173547 4.14133e-06
5 8 5 0(0.988072,-0.00613053) 0 665247 3.61264e-06
5 8 5 1(0.986812,-0.00638171) 0 421905 4.75016e-06
5 9 0 0(0.981218,-0.00957242) 0 18645 6.72109e-06
5 9 0 1(0.979404,-0.009933) 0 19305 7.009e-06
6 1 0 0(0.999968,-7.06363e-10) 0 561 8.36363e-05
6 1 0 1(0.999978,-1.6921e-10) 0 561 6.83678e-05
6 1 1 0(0.999971,-8.57779e-14) 0 561 8.36395e-05
6 1 1 1(0.999979,-9.14255e-14) 0 561 6.83686e-05
6 1 2 0(0.999987,-1.01114e-13) 0 561 8.36395e-05
6 1 2 1(0.999988,-1.14364e-13) 0 561 6.83686e-05
6 1 4 0(0.999968,-5.69949e-16) 0 561 8.36395e-05
6 1 4 1(0.999978,-2.30819e-15) 0 561 6.83686e-05
6 1 5 0(0.999968,-5.15431e-09) 0 561 8.36446e-05
6 1 5 1(0.999978,-1.0787e-09) 0 561 6.83695e-05
6 2 0 0(0.999961,-1.31586e-17) 0 561 8.36395e-05
6 2 0 1(0.999973,-1.83989e-17) 0 561 6.83686e-05
6 2 1 0(0.999961,-3.38362e-10) 0 561 8.36394e-05
6 2 1 1(0.999973,-4.89358e-10) 0 561 6.83681e-05
6 2 5 0(1.00004,-1.82709e-15) 0 825 9.2552e-05
6 2 5 1(0.999998,-9.28671e-16) 0 561 9.17544e-05
6 3 1 0(0.999956,-1.19322e-12) 0 561 8.36395e-05
6 3 1 1(0.99997,-2.19883e-12) 0 561 6.83686e-05
6 3 2 0(0.999956,-3.48712e-10) 0 561 8.36401e-05
6 3 2 1(0.99997,-2.86273e-10) 0 561 6.83689e-05
6 3 3 0(0.999956,-7.11872e-41) 0 561 8.36395e-05
6 3 3 1(0.99997,-1.06462e-36) 0 561 6.83686e-05
6 3 5 0(0.999978,-3.5063e-06) 0 1186251 1.46414e-07
6 3 5 1(0.999985,-1.29185e-06) 0 831963 2.31725e-07
6 4 0 0(1.00004,-7.35472e-28) 0 693 6.86748e-05
6 4 0 1(1.00001,-1.41649e-26) 0 561 7.28438e-05
6 4 1 0(0.999954,-7.66597e-14) 0 561 8.36395e-05
6 4 1 1(0.999968,-1.26123e-13) 0 561 6.83686e-05
6 4 2 0(0.999954,-4.98979e-11) 0 561 8.36396e-05
6 4 2 1(0.999968,-3.37035e-11) 0 561 6.83686e-05
6 4 3 0(0.999962,-8.86705e-11) 0 759 7.33695e-05
6 4 3 1(0.99999,-2.05004e-10) 0 759 7.54503e-05
6 4 5 0(0.999969,-7.40566e-06) 0 1171335 2.38124e-07
6 4 5 1(0.999981,-2.97987e-06) 0 939147 2.18496e-07
6 5 0 0(0.999946,-1.90779e-05) 0 1190409 2.4549e-07
6 5 0 1(0.999969,-8.57361e-06) 0 800085 3.40962e-07
6 5 1 0(0.999954,-7.66702e-14) 0 561 8.36395e-05
6 5 1 1(0.999968,-1.26364e-13) 0 561 6.83686e-05
6 5 2 0(0.999954,-4.98979e-11) 0 561 8.36396e-05
6 5 2 1(0.999968,-3.37035e-11) 0 561 6.83686e-05
6 5 3 0(0.999946,-1.8752e-05) 0 1123221 1.61852e-07
6 5 3 1(0.999969,-8.42677e-06) 0 745239 2.4857e-07
6 5 4 0(0.999954,-3.40665e-19) 0 561 8.36395e-05
6 5 4 1(0.999968,-2.06809e-17) 0 561 6.83686e-05
6 5 5 0(0.999946,-1.91697e-05) 0 1257201 2.44613e-07
6 5 5 1(0.999969,-8.60861e-06) 0 855723 3.32842e-07
6 6 0 0(0.999842,-7.24458e-05) 0 2000031 1.38613e-07
6 6 0 1(0.999907,-3.89492e-05) 0 1575255 1.7258e-07
6 6 1 0(0.999956,-1.194e-12) 0 561 8.36395e-05
6 6 1 1(0.99997,-2.21316e-12) 0 561 6.83686e-05
6 6 2 0(0.999956,-3.48712e-10) 0 561 8.36401e-05
6 6 2 1(0.99997,-2.86273e-10) 0 561 6.83689e-05
6 6 3 0(0.999842,-7.23394e-05) 0 2000031 1.04743e-07
6 6 3 1(0.999907,-3.87442e-05) 0 1354419 1.37018e-07
6 6 4 0(0.999956,-6.43388e-17) 0 561 8.36395e-05
6 6 4 1(0.99997,-1.85429e-15) 0 561 6.83686e-05
6 6 5 0(0.999842,-7.28345e-05) 0 2000031 1.24274e-07
6 6 5 1(0.999907,-3.90333e-05) 0 1635909 1.43064e-07
6 7 0 0(0.998994,-0.000504767) 0 625713 8.42145e-07
6 7 0 1(0.999239,-0.000361018) 0 787017 7.22969e-07
6 7 1 0(0.999961,-4.97858e-10) 0 561 8.36392e-05
6 7 1 1(0.999973,-8.73925e-10) 0 561 6.83674e-05
6 7 2 0(0.999961,-2.43949e-06) 0 2000031 4.24117e-06
6 7 2 1(0.999961,-7.43234e-06) 0 2000031 5.71692e-06
6 7 3 0(0.999,-0.000501917) 0 751245 5.06208e-07
6 7 3 1(0.999241,-0.000359998) 0 822657 4.59824e-07
6 7 4 0(0.999961,-3.86175e-13) 0 561 8.36395e-05
6 7 4 1(0.999973,-3.45649e-12) 0 561 6.83686e-05
6 7 5 0(0.99899,-0.000507151) 0 961191 6.39656e-07
6 7 5 1(0.999239,-0.000361395) 0 976173 6.26429e-07
6 8 0 0(0.991968,-0.00406894) 0 390423 2.83619e-06
6 8 0 1(0.991698,-0.00398038) 0 202983 4.42025e-06
6 8 1 0(0.99204,-0.00403209) 0 2000031 2.23824e-06
6 8 1 1(0.991668,-0.00399851) 0 2000031 1.82202e-06
6 8 2 0(0.997639,-0.00118677) 0 2000031 0.000326659
6 8 2 1(0.997243,-0.0013183) 0 2000031 0.000528101
6 8 3 0(0.991974,-0.00406568) 0 330495 2.47943e-06
6 8 3 1(0.991668,-0.00399621) 0 302709 3.03231e-06
6 8 4 0(0.998152,-0.000930409) 0 528165 4.56614e-07
6 8 4 1(0.996809,-0.00152371) 0 264429 1.00954e-06
6 8 5 0(0.991919,-0.00409823) 0 283041 3.57207e-06
6 8 5 1(0.991622,-0.00402141) 0 285087 4.12492e-06
6 9 0 0(0.980868,-0.00969912) 0 14091 7.01466e-06
6 9 0 1(0.97908,-0.0100452) 0 16005 7.19152e-06
7 5 0 0(0.999993,-1.09675e-06) 0 219549 6.79962e-07
7 5 0 1(0.999996,-2.9376e-07) 0 163251 9.43364e-07
7 5 3 0(0.999983,-1.70683e-09) 0 3267 1.46184e-05
7 5 3 1(0.999997,-1.05924e-09) 0 16731 5.2663e-06
7 5 5 0(0.999993,-1.16654e-06) 0 271227 5.80807e-07
7 5 5 1(0.999997,-3.1436e-07) 0 179751 9.65105e-07
7 6 0 0(0.999985,-4.84371e-06) 0 408111 2.99698e-07
7 6 0 1(0.999994,-1.54278e-06) 0 306801 4.15622e-07
7 6 3 0(0.999995,-3.60823e-09) 0 68607 2.15775e-06
7 6 3 1(0.999995,-4.12245e-09) 0 94479 1.80146e-06
7 6 5 0(0.999985,-4.90181e-06) 0 464277 2.96056e-07
7 6 5 1(0.999995,-1.58678e-06) 0 531465 2.12624e-07
7 7 0 0(0.999892,-5.20766e-05) 0 1121769 1.87935e-07
7 7 0 1(0.999945,-2.52094e-05) 0 1048641 1.81954e-07
7 7 3 0(0.999897,-4.98143e-05) 0 979803 1.42255e-07
7 7 3 1(0.999948,-2.41464e-05) 0 536085 3.08615e-07
7 7 5 0(0.999892,-5.23859e-05) 0 1502325 1.48119e-07
7 7 5 1(0.999945,-2.52773e-05) 0 1182291 1.79725e-07
7 8 0 0(0.996505,-0.00177052) 0 282051 2.32376e-06
7 8 0 1(0.996818,-0.00152611) 0 356499 2.31451e-06
7 8 1 0(0.997021,-0.00150806) 0 2000031 7.20742e-07
7 8 1 1(0.996951,-0.00146322) 0 2000031 5.4801e-07
7 8 2 0(0.999905,-4.56721e-05) 0 2000031 4.03812e-05
7 8 2 1(0.999796,-9.6434e-05) 0 2000031 7.1221e-05
7 8 3 0(0.996517,-0.00176376) 0 395043 1.49504e-06
7 8 3 1(0.996819,-0.00152608) 0 413193 1.60467e-06
7 8 4 0(0.999992,-6.38603e-11) 0 561 8.36392e-05
7 8 4 1(0.999995,-7.64149e-10) 0 561 6.8365e-05
7 8 5 0(0.996475,-0.00178618) 0 345147 2.32306e-06
7 8 5 1(0.996806,-0.00153225) 0 430155 2.14507e-06
7 9 0 0(0.980875,-0.00969905) 0 13893 7.04713e-06
7 9 0 1(0.979084,-0.010045) 0 15873 7.15458e-06
8 7 0 0(0.999987,-4.62644e-06) 0 359667 3.418e-07
8 7 0 1(0.999995,-1.40213e-06) 0 189123 8.42777e-07
8 7 3 0(0.999996,-4.15895e-09) 0 79101 1.89679e-06
8 7 3 1(0.999996,-4.2071e-09) 0 93027 1.83263e-06
8 7 5 0(0.999986,-4.76125e-06) 0 432597 3.04324e-07
8 7 5 1(0.999995,-1.47311e-06) 0 350493 3.66308e-07
8 8 0 0(0.999077,-0.000466022) 0 554763 8.22217e-07
8 8 0 1(0.999318,-0.000326777) 0 671715 8.00443e-07
8 8 1 0(0.999993,-7.16117e-10) 0 561 8.36391e-05
8 8 1 1(0.999995,-1.23293e-09) 0 561 6.8367e-05
8 8 2 0(0.999992,-2.06876e-06) 0 2000031 2.19643e-06
8 8 2 1(0.999983,-7.22647e-06) 0 2000031 4.03419e-06
8 8 3 0(0.999087,-0.000461055) 0 581691 5.55487e-07
8 8 3 1(0.999321,-0.000325315) 0 732369 4.15667e-07
8 8 5 0(0.999069,-0.000470195) 0 664917 7.87655e-07
8 8 5 1(0.999316,-0.000327522) 0 769989 7.21435e-07
8 9 0 0(0.980876,-0.00969906) 0 13893 7.04713e-06
8 9 0 1(0.979084,-0.010045) 0 15873 7.15458e-06
9 8 0 0(0.99983,-8.42943e-05) 0 1237731 1.83554e-07
9 8 0 1(0.999906,-4.43238e-05) 0 1115895 2.07285e-07
9 8 3 0(0.999834,-8.19654e-05) 0 1060455 1.47494e-07
9 8 3 1(0.999907,-4.36408e-05) 0 881727 1.76882e-07
9 8 5 0(0.999828,-8.50555e-05) 0 1437777 1.6503e-07
9 8 5 1(0.999906,-4.44895e-05) 0 1315413 1.68869e-07
9 9 0 0(0.980876,-0.00969906) 0 13893 7.04713e-06
9 9 0 1(0.979084,-0.010045) 0 15873 7.15458e-06
10 8 0 0(0.999969,-1.34364e-05) 0 572055 2.41175e-07
10 8 0 1(0.999988,-5.00748e-06) 0 488367 2.65516e-07
10 8 3 0(0.999974,-1.09513e-05) 0 904893 1.10396e-07
10 8 3 1(0.999989,-4.24944e-06) 0 619905 1.70572e-07
10 8 5 0(0.999969,-1.36879e-05) 0 740355 1.95837e-07
10 8 5 1(0.999988,-5.10266e-06) 0 611259 2.11185e-07
10 9 0 0(0.980876,-0.00969906) 0 13893 7.04713e-06
10 9 0 1(0.979084,-0.010045) 0 15873 7.15458e-06
error 0.0020474
Printing SRC CT Glauberarray for /home/wim/Code/share/grids/Gl.Thick.Pb.Ptype0.p487.th10.ph0.sigma42.r10.cth9.phi5.prec10.intgr2.CT.80.dat


Printing contents of knockout vector in FSI grid
0 1 0 0.100136 -0.127814
0 1 36 0.100136 -0.127814
0 1 72 0.100136 -0.127814
0 1 108 0.100136 -0.127814
0 1 144 0.100136 -0.127814
0 1 180 0.100136 -0.127814
0 0.777778 0 0.100136 -0.127814
0 0.777778 36 0.100136 -0.127814
0 0.777778 72 0.100136 -0.127814
0 0.777778 108 0.100136 -0.127814
0 0.777778 144 0.100136 -0.127814
0 0.777778 180 0.100136 -0.127814
0 0.555556 0 0.100136 -0.127814
0 0.555556 36 0.100136 -0.127814
0 0.555556 72 0.100136 -0.127814
0 0.555556 108 0.100136 -0.127814
0 0.555556 144 0.100136 -0.127814
0 0.555556 180 0.100136 -0.127814
0 0.333333 0 0.100136 -0.127814
0 0.333333 36 0.100136 -0.127814
0 0.333333 72 0.100136 -0.127814
0 0.333333 108 0.100136 -0.127814
0 0.333333 144 0.100136 -0.127814
0 0.333333 180 0.100136 -0.127814
0 0.111111 0 0.100136 -0.127814
0 0.111111 36 0.100136 -0.127814
0 0.111111 72 0.100136 -0.127814
0 0.111111 108 0.100136 -0.127814
0 0.111111 144 0.100136 -0.127814
0 0.111111 180 0.100136 -0.127814
0 -0.111111 0 0.100136 -0.127814
0 -0.111111 36 0.100136 -0.127814
0 -0.111111 72 0.100136 -0.127814
0 -0.111111 108 0.100136 -0.127814
0 -0.111111 144 0.100136 -0.127814
0 -0.111111 180 0.100136 -0.127814
0 -0.333333 0 0.100136 -0.127814
0 -0.333333 36 0.100136 -0.127814
0 -0.333333 72 0.100136 -0.127814
0 -0.333333 108 0.100136 -0.127814
0 -0.333333 144 0.100136 -0.127814
0 -0.333333 180 0.100136 -0.127814
0 -0.555556 0 0.100136 -0.127814
0 -0.555556 36 0.100136 -0.127814
0 -0.555556 72 0.100136 -0.127814
0 -0.555556 108 0.100136 -0.127814
0 -0.555556 144 0.100136 -0.127814
0 -0.555556 180 0.100136 -0.127814
0 -0.777778 0 0.100136 -0.127814
0 -0.777778 36 0.100136 -0.127814
0 -0.777778 72 0.100136 -0.127814
0 -0.777778 108 0.100136 -0.127814
0 -0.777778 144 0.100136 -0.127814
0 -0.777778 180 0.100136 -0.127814
0 -1 0 0.100136 -0.127814
0 -1 36 0.100136 -0.127814
0 -1 72 0.100136 -0.127814
0 -1 108 0.100136 -0.127814
0 -1 144 0.100136 -0.127814
0 -1 180 0.100136 -0.127814
1.6 1 0 0.213452 -0.16631
1.6 1 36 0.213452 -0.16631
1.6 1 72 0.213452 -0.16631
1.6 1 108 0.213452 -0.16631
1.6 1 144 0.213452 -0.16631
1.6 1 180 0.213452 -0.16631
1.6 0.777778 0 0.181562 -0.155436
1.6 0.777778 36 0.181619 -0.155448
1.6 0.777778 72 0.181942 -0.155528
1.6 0.777778 108 0.182011 -0.155545
1.6 0.777778 144 0.181681 -0.155462
1.6 0.777778 180 0.181542 -0.155429
1.6 0.555556 0 0.159794 -0.149858
1.6 0.555556 36 0.159833 -0.149869
1.6 0.555556 72 0.160208 -0.149981
1.6 0.555556 108 0.160285 -0.150003
1.6 0.555556 144 0.159849 -0.149873
1.6 0.555556 180 0.159779 -0.149854
1.6 0.333333 0 0.138847 -0.143424
1.6 0.333333 36 0.13887 -0.143431
1.6 0.333333 72 0.139206 -0.143548
1.6 0.333333 108 0.139277 -0.143572
1.6 0.333333 144 0.138875 -0.143432
1.6 0.333333 180 0.138838 -0.14342
1.6 0.111111 0 0.118801 -0.136055
1.6 0.111111 36 0.11882 -0.136063
1.6 0.111111 72 0.119221 -0.136226
1.6 0.111111 108 0.119515 -0.136344
1.6 0.111111 144 0.118827 -0.136065
1.6 0.111111 180 0.118793 -0.136051
1.6 -0.111111 0 0.0997956 -0.127752
1.6 -0.111111 36 0.0998134 -0.127761
1.6 -0.111111 72 0.100173 -0.127931
1.6 -0.111111 108 0.100447 -0.128058
1.6 -0.111111 144 0.0998176 -0.127761
1.6 -0.111111 180 0.0997887 -0.127748
1.6 -0.333333 0 0.0821043 -0.118731
1.6 -0.333333 36 0.0821209 -0.11874
1.6 -0.333333 72 0.0823489 -0.118864
1.6 -0.333333 108 0.0824 -0.118891
1.6 -0.333333 144 0.0821246 -0.118742
1.6 -0.333333 180 0.0820973 -0.118726
1.6 -0.555556 0 0.0660311 -0.109405
1.6 -0.555556 36 0.0660504 -0.109416
1.6 -0.555556 72 0.0662493 -0.109541
1.6 -0.555556 108 0.0662912 -0.109567
1.6 -0.555556 144 0.0660596 -0.109421
1.6 -0.555556 180 0.0660224 -0.109399
1.6 -0.777778 0 0.051659 -0.10003
1.6 -0.777778 36 0.0516833 -0.100047
1.6 -0.777778 72 0.0518157 -0.100143
1.6 -0.777778 108 0.0518452 -0.100164
1.6 -0.777778 144 0.0517072 -0.100064
1.6 -0.777778 180 0.051651 -0.100024
1.6 -1 0 0.0383414 -0.0881506
1.6 -1 36 0.0383414 -0.0881506
1.6 -1 72 0.0383414 -0.0881506
1.6 -1 108 0.0383414 -0.0881506
1.6 -1 144 0.0383414 -0.0881506
1.6 -1 180 0.0383414 -0.0881506
3.2 1 0 0.439182 -0.196178
3.2 1 36 0.439182 -0.196178
3.2 1 72 0.439182 -0.196178
3.2 1 108 0.439182 -0.196178
3.2 1 144 0.439182 -0.196178
3.2 1 180 0.439182 -0.196178
3.2 0.777778 0 0.340436 -0.178905
3.2 0.777778 36 0.340438 -0.178905
3.2 0.777778 72 0.341356 -0.178921
3.2 0.777778 108 0.342163 -0.178934
3.2 0.777778 144 0.340397 -0.178882
3.2 0.777778 180 0.340404 -0.178907
3.2 0.555556 0 0.303401 -0.18795
3.2 0.555556 36 0.303249 -0.187939
3.2 0.555556 72 0.304352 -0.188035
3.2 0.555556 108 0.305063 -0.188101
3.2 0.555556 144 0.303338 -0.187912
3.2 0.555556 180 0.303214 -0.187939
3.2 0.333333 0 0.255607 -0.189145
3.2 0.333333 36 0.255407 -0.189108
3.2 0.333333 72 0.256582 -0.189293
3.2 0.333333 108 0.256734 -0.189337
3.2 0.333333 144 0.255591 -0.189103
3.2 0.333333 180 0.255386 -0.189109
3.2 0.111111 0 0.200376 -0.18017
3.2 0.111111 36 0.200296 -0.180149
3.2 0.111111 72 0.201381 -0.180415
3.2 0.111111 108 0.20194 -0.180595
3.2 0.111111 144 0.201255 -0.180379
3.2 0.111111 180 0.200267 -0.180142
3.2 -0.111111 0 0.144738 -0.16171
3.2 -0.111111 36 0.144676 -0.161686
3.2 -0.111111 72 0.1456 -0.162022
3.2 -0.111111 108 0.146061 -0.162227
3.2 -0.111111 144 0.145594 -0.162013
3.2 -0.111111 180 0.144645 -0.161675
3.2 -0.333333 0 0.0950255 -0.136326
3.2 -0.333333 36 0.0949298 -0.136273
3.2 -0.333333 72 0.0955173 -0.13658
3.2 -0.333333 108 0.0956278 -0.136649
3.2 -0.333333 144 0.0950873 -0.136352
3.2 -0.333333 180 0.0949155 -0.136267
3.2 -0.555556 0 0.0553963 -0.107749
3.2 -0.555556 36 0.0553556 -0.107722
3.2 -0.555556 72 0.0556875 -0.107961
3.2 -0.555556 108 0.055874 -0.108097
3.2 -0.555556 144 0.0554038 -0.107754
3.2 -0.555556 180 0.0553417 -0.107712
3.2 -0.777778 0 0.027384 -0.0805758
3.2 -0.777778 36 0.0273851 -0.0805783
3.2 -0.777778 72 0.0275482 -0.0807382
3.2 -0.777778 108 0.027685 -0.0808717
3.2 -0.777778 144 0.0273855 -0.0805725
3.2 -0.777778 180 0.0273781 -0.0805713
3.2 -1 0 0.00950367 -0.0580351
3.2 -1 36 0.00950367 -0.0580351
3.2 -1 72 0.00950367 -0.0580351
3.2 -1 108 0.00950367 -0.0580351
3.2 -1 144 0.00950367 -0.0580351
3.2 -1 180 0.00950367 -0.0580351
4.8 1 0 0.962146 -0.17906
4.8 1 36 0.962146 -0.17906
4.8 1 72 0.962146 -0.17906
4.8 1 108 0.962146 -0.17906
4.8 1 144 0.962146 -0.17906
4.8 1 180 0.962146 -0.17906
4.8 0.777778 0 0.690869 -0.166405
4.8 0.777778 36 0.690355 -0.166512
4.8 0.777778 72 0.692565 -0.165983
4.8 0.777778 108 0.889998 -1.38832e-06
4.8 0.777778 144 0.690026 -0.166278
4.8 0.777778 180 0.690348 -0.166537
4.8 0.555556 0 0.681015 -0.212818
4.8 0.555556 36 0.67968 -0.213017
4.8 0.555556 72 0.687358 -0.210662
4.8 0.555556 108 1.0231 -3.19752e-08
4.8 0.555556 144 0.681563 -0.212028
4.8 0.555556 180 0.679404 -0.21309
4.8 0.333333 0 0.573518 -0.237293
4.8 0.333333 36 0.571839 -0.237372
4.8 0.333333 72 0.637492 -0.223818
4.8 0.333333 108 0.573299 -0.237298
4.8 0.333333 144 0.568108 -0.234819
4.8 0.333333 180 0.571272 -0.237458
4.8 0.111111 0 0.428303 -0.241666
4.8 0.111111 36 0.427194 -0.241572
4.8 0.111111 72 0.618227 -0.225655
4.8 0.111111 108 0.427972 -0.241642
4.8 0.111111 144 0.425974 -0.239124
4.8 0.111111 180 0.426332 -0.241568
4.8 -0.111111 0 0.278874 -0.222687
4.8 -0.111111 36 0.277889 -0.222441
4.8 -0.111111 72 0.500215 -0.234321
4.8 -0.111111 108 0.278679 -0.222637
4.8 -0.111111 144 0.287784 -0.222967
4.8 -0.111111 180 0.277128 -0.222313
4.8 -0.333333 0 0.150603 -0.180956
4.8 -0.333333 36 0.150077 -0.180711
4.8 -0.333333 72 0.243216 -0.20841
4.8 -0.333333 108 0.150574 -0.180941
4.8 -0.333333 144 0.153095 -0.181774
4.8 -0.333333 180 0.149795 -0.180604
4.8 -0.555556 0 0.0622183 -0.12655
4.8 -0.555556 36 0.0620076 -0.126385
4.8 -0.555556 72 0.0673899 -0.129799
4.8 -0.555556 108 0.062477 -0.126746
4.8 -0.555556 144 0.0628226 -0.126821
4.8 -0.555556 180 0.0619365 -0.126336
4.8 -0.777778 0 0.0145483 -0.0721599
4.8 -0.777778 36 0.0145175 -0.0721185
4.8 -0.777778 72 0.0147591 -0.0724175
4.8 -0.777778 108 0.0147601 -0.0724284
4.8 -0.777778 144 0.0145624 -0.0721394
4.8 -0.777778 180 0.0145081 -0.072111
4.8 -1 0 -0.00322515 -0.0380926
4.8 -1 36 -0.00322515 -0.0380926
4.8 -1 72 -0.00322515 -0.0380926
4.8 -1 108 -0.00322515 -0.0380926
4.8 -1 144 -0.00322515 -0.0380926
4.8 -1 180 -0.00322515 -0.0380926
6.4 1 0 1.5523 -0.0499191
6.4 1 36 1.5523 -0.0499191
6.4 1 72 1.5523 -0.0499191
6.4 1 108 1.5523 -0.0499191
6.4 1 144 1.5523 -0.0499191
6.4 1 180 1.5523 -0.0499191
6.4 0.777778 0 1.08738 -0.0529132
6.4 0.777778 36 1.08546 -0.0536509
6.4 0.777778 72 1.08783 -0.0522006
6.4 0.777778 108 1.03499 -4.82368e-11
6.4 0.777778 144 1.08842 -0.0522354
6.4 0.777778 180 1.08539 -0.0538022
6.4 0.555556 0 1.08649 -0.0805849
6.4 0.555556 36 1.0871 -0.080212
6.4 0.555556 72 1.19648 -0.0397224
6.4 0.555556 108 1 0
6.4 0.555556 144 1.08999 -7.6648e-10
6.4 0.555556 180 1.085 -0.0812024
6.4 0.333333 0 1.16198 -9.9269e-07
6.4 0.333333 36 1.00829 -0.116425
6.4 0.333333 72 1.16517 -0.0375122
6.4 0.333333 108 1.00579 -0.117911
6.4 0.333333 144 1.10405 -1.83631e-10
6.4 0.333333 180 1.0042 -0.118575
6.4 0.111111 0 0.860333 -0.166724
6.4 0.111111 36 0.870738 -0.162772
6.4 0.111111 72 1.14668 -0.0408141
6.4 0.111111 108 0.861537 -0.166385
6.4 0.111111 144 1.11029 -1.0175e-09
6.4 0.111111 180 0.859086 -0.167087
6.4 -0.111111 0 0.630784 -0.214537
6.4 -0.111111 36 0.646456 -0.211492
6.4 -0.111111 72 1.10969 -0.056736
6.4 -0.111111 108 0.632064 -0.214352
6.4 -0.111111 144 1.01527 -0.0638009
6.4 -0.111111 180 0.629514 -0.214716
6.4 -0.333333 0 0.334837 -0.219063
6.4 -0.333333 36 0.339753 -0.21932
6.4 -0.333333 72 0.989222 -0.110355
6.4 -0.333333 108 0.334829 -0.219062
6.4 -0.333333 144 0.514715 -0.216819
6.4 -0.333333 180 0.333952 -0.218964
6.4 -0.555556 0 0.0971435 -0.146343
6.4 -0.555556 36 0.0970873 -0.146182
6.4 -0.555556 72 0.688864 -0.207538
6.4 -0.555556 108 0.0968202 -0.146159
6.4 -0.555556 144 0.113692 -0.154503
6.4 -0.555556 180 0.0965637 -0.146013
6.4 -0.777778 0 0.00768654 -0.0652323
6.4 -0.777778 36 0.00763037 -0.0651571
6.4 -0.777778 72 0.0104855 -0.0690304
6.4 -0.777778 108 0.00782841 -0.0654389
6.4 -0.777778 144 0.00813877 -0.0658458
6.4 -0.777778 180 0.00760686 -0.06514
6.4 -1 0 -0.00772561 -0.0226067
6.4 -1 36 -0.00772561 -0.0226067
6.4 -1 72 -0.00772561 -0.0226067
6.4 -1 108 -0.00772561 -0.0226067
6.4 -1 144 -0.00772561 -0.0226067
6.4 -1 180 -0.00772561 -0.0226067
8 1 0 1.05599 -5.92446e-08
8 1 36 1.05599 -5.92446e-08
8 1 72 1.05599 -5.92446e-08
8 1 108 1.05599 -5.92446e-08
8 1 144 1.05599 -5.92446e-08
8 1 180 1.05599 -5.92446e-08
8 0.777778 0 1.0231 -0.00267965
8 0.777778 36 1.02224 -0.00328289
8 0.777778 72 1.02296 -0.00198211
8 0.777778 108 1 0
8 0.777778 144 0.976965 -7.63718e-09
8 0.777778 180 1.02201 -0.00343555
8 0.555556 0 0.970848 -1.47114e-09
8 0.555556 36 1.0114 -0.00456541
8 0.555556 72 1.00313 -0.00131727
8 0.555556 108 1 0
8 0.555556 144 1 0
8 0.555556 180 1.01034 -0.00601272
8 0.333333 0 1 0
8 0.333333 36 0.967168 -1.32279e-06
8 0.333333 72 0.979143 -0.000253861
8 0.333333 108 0.968458 -4.27613e-24
8 0.333333 144 1 -1.96047e-39
8 0.333333 180 0.996087 -0.0110864
8 0.111111 0 0.972107 -0.0217008
8 0.111111 36 0.965497 -1.51089e-07
8 0.111111 72 0.973378 -0.000230285
8 0.111111 108 0.972075 -0.0216382
8 0.111111 144 1 -9.88238e-18
8 0.111111 180 0.971901 -0.021796
8 -0.111111 0 0.915115 -0.0475133
8 -0.111111 36 0.965497 -1.51879e-07
8 -0.111111 72 0.973174 -0.000384607
8 -0.111111 108 0.915218 -0.0474565
8 -0.111111 144 0.965498 -2.10317e-10
8 -0.111111 180 0.914914 -0.0475978
8 -0.333333 0 0.749935 -0.111101
8 -0.333333 36 0.967168 -1.33698e-06
8 -0.333333 72 0.976216 -0.00164672
8 -0.333333 108 0.749576 -0.111232
8 -0.333333 144 0.96717 -4.56709e-09
8 -0.333333 180 0.749189 -0.111378
8 -0.555556 0 0.336117 -0.17975
8 -0.555556 36 0.359522 -0.179675
8 -0.555556 72 0.886366 -0.0521103
8 -0.555556 108 0.335695 -0.179816
8 -0.555556 144 0.970572 -3.21422e-07
8 -0.555556 180 0.334739 -0.179897
8 -0.777778 0 0.01953 -0.0724863
8 -0.777778 36 0.0190875 -0.0720621
8 -0.777778 72 0.3111 -0.177564
8 -0.777778 108 0.0193171 -0.0722662
8 -0.777778 144 0.0348313 -0.0875277
8 -0.777778 180 0.0190706 -0.072051
8 -1 0 -0.00791495 -0.0148397
8 -1 36 -0.00791495 -0.0148397
8 -1 72 -0.00791495 -0.0148397
8 -1 108 -0.00791495 -0.0148397
8 -1 144 -0.00791495 -0.0148397
8 -1 180 -0.00791495 -0.0148397
9.6 1 0 1 0
9.6 1 36 1 0
9.6 1 72 1 0
9.6 1 108 1 0
9.6 1 144 1 0
9.6 1 180 1 0
9.6 0.777778 0 0.99427 -1.02291e-07
9.6 0.777778 36 0.994612 -1.82068e-11
9.6 0.777778 72 0.99735 -2.20599e-11
9.6 0.777778 108 1 0
9.6 0.777778 144 0.994271 -2.59596e-13
9.6 0.777778 180 0.994269 -7.33691e-07
9.6 0.555556 0 0.992827 -3.14409e-15
9.6 0.555556 36 0.992837 -8.21709e-08
9.6 0.555556 72 1 -1.83766e-23
9.6 0.555556 108 1 0
9.6 0.555556 144 1 0
9.6 0.555556 180 1.00496 -3.07874e-13
9.6 0.333333 0 1 0
9.6 0.333333 36 0.992036 -3.28029e-10
9.6 0.333333 72 0.992036 -6.68779e-08
9.6 0.333333 108 0.992037 -8.66155e-35
9.6 0.333333 144 1 -3.87726e-50
9.6 0.333333 180 0.996085 -0.000545592
9.6 0.111111 0 1.00544 -1.26099e-24
9.6 0.111111 36 0.991673 -1.98354e-11
9.6 0.111111 72 0.991673 -8.97583e-09
9.6 0.111111 108 0.994397 -2.78266e-08
9.6 0.111111 144 1 -1.24269e-23
9.6 0.111111 180 0.994478 -0.00117099
9.6 -0.111111 0 0.990643 -0.00307794
9.6 -0.111111 36 0.991673 -1.98563e-11
9.6 -0.111111 72 0.991673 -8.97583e-09
9.6 -0.111111 108 0.990664 -0.00302539
9.6 -0.111111 144 0.991673 -1.72568e-15
9.6 -0.111111 180 0.990622 -0.00309218
9.6 -0.333333 0 0.972809 -0.0119892
9.6 -0.333333 36 0.992036 -3.29292e-10
9.6 -0.333333 72 0.992036 -6.68779e-08
9.6 -0.333333 108 0.972854 -0.0119604
9.6 -0.333333 144 0.992036 -1.58893e-13
9.6 -0.333333 180 0.97271 -0.0120424
9.6 -0.555556 0 0.824029 -0.077098
9.6 -0.555556 36 0.992837 -1.33434e-07
9.6 -0.555556 72 0.991944 -0.000909476
9.6 -0.555556 108 0.824783 -0.0767996
9.6 -0.555556 144 0.992827 -3.29717e-10
9.6 -0.555556 180 0.823538 -0.0773279
9.6 -0.777778 0 0.121367 -0.137035
9.6 -0.777778 36 0.122617 -0.137554
9.6 -0.777778 72 0.572422 -0.151227
9.6 -0.777778 108 0.12103 -0.136902
9.6 -0.777778 144 0.591672 -0.146544
9.6 -0.777778 180 0.118885 -0.136185
9.6 -1 0 -0.00772731 -0.0136105
9.6 -1 36 -0.00772731 -0.0136105
9.6 -1 72 -0.00772731 -0.0136105
9.6 -1 108 -0.00772731 -0.0136105
9.6 -1 144 -0.00772731 -0.0136105
9.6 -1 180 -0.00772731 -0.0136105
11.2 1 0 1 0
11.2 1 36 1 0
11.2 1 72 1 0
11.2 1 108 1 0
11.2 1 144 1 0
11.2 1 180 1 0
11.2 0.777778 0 1 0
11.2 0.777778 36 1 0
11.2 0.777778 72 1 0
11.2 0.777778 108 1 0
11.2 0.777778 144 1 0
11.2 0.777778 180 1 0
11.2 0.555556 0 1 0
11.2 0.555556 36 1 0
11.2 0.555556 72 1 0
11.2 0.555556 108 1 0
11.2 0.555556 144 1 0
11.2 0.555556 180 1 0
11.2 0.333333 0 1 0
11.2 0.333333 36 1 0
11.2 0.333333 72 1 0
11.2 0.333333 108 1 0
11.2 0.333333 144 1 0
11.2 0.333333 180 1 0
11.2 0.111111 0 1 0
11.2 0.111111 36 1 0
11.2 0.111111 72 1 0
11.2 0.111111 108 1 0
11.2 0.111111 144 1 0
11.2 0.111111 180 1 0
11.2 -0.111111 0 0.998786 -0.000162083
11.2 -0.111111 36 1 -1.80166e-20
11.2 -0.111111 72 1 0
11.2 -0.111111 108 0.997593 -3.01196e-07
11.2 -0.111111 144 1 -1.34079e-22
11.2 -0.111111 180 0.998802 -0.000172556
11.2 -0.333333 0 0.997695 -0.000735126
11.2 -0.333333 36 1 -8.18029e-20
11.2 -0.333333 72 1 0
11.2 -0.333333 108 0.99894 -7.91842e-07
11.2 -0.333333 144 1 -3.5202e-22
11.2 -0.333333 180 0.99769 -0.000746026
11.2 -0.555556 0 0.982101 -0.00847539
11.2 -0.555556 36 1 -9.57991e-19
11.2 -0.555556 72 1 0
11.2 -0.555556 108 0.982787 -0.00811541
11.2 -0.555556 144 1 -3.66667e-18
11.2 -0.555556 180 0.982021 -0.00851846
11.2 -0.777778 0 0.46555 -0.169627
11.2 -0.777778 36 0.509077 -0.163596
11.2 -0.777778 72 0.971536 -0.0132763
11.2 -0.777778 108 0.466483 -0.169512
11.2 -0.777778 144 0.998518 -7.06022e-08
11.2 -0.777778 180 0.462918 -0.169976
11.2 -1 0 -0.0077371 -0.0136288
11.2 -1 36 -0.0077371 -0.0136288
11.2 -1 72 -0.0077371 -0.0136288
11.2 -1 108 -0.0077371 -0.0136288
11.2 -1 144 -0.0077371 -0.0136288
11.2 -1 180 -0.0077371 -0.0136288
12.8 1 0 1 0
12.8 1 36 1 0
12.8 1 72 1 0
12.8 1 108 1 0
12.8 1 144 1 0
12.8 1 180 1 0
12.8 0.777778 0 1 0
12.8 0.777778 36 1 0
12.8 0.777778 72 1 0
12.8 0.777778 108 1 0
12.8 0.777778 144 1 0
12.8 0.777778 180 1 0
12.8 0.555556 0 1 0
12.8 0.555556 36 1 0
12.8 0.555556 72 1 0
12.8 0.555556 108 1 0
12.8 0.555556 144 1 0
12.8 0.555556 180 1 0
12.8 0.333333 0 1 0
12.8 0.333333 36 1 0
12.8 0.333333 72 1 0
12.8 0.333333 108 1 0
12.8 0.333333 144 1 0
12.8 0.333333 180 1 0
12.8 0.111111 0 1 0
12.8 0.111111 36 1 0
12.8 0.111111 72 1 0
12.8 0.111111 108 1 0
12.8 0.111111 144 1 0
12.8 0.111111 180 1 0
12.8 -0.111111 0 1 0
12.8 -0.111111 36 1 0
12.8 -0.111111 72 1 0
12.8 -0.111111 108 1 0
12.8 -0.111111 144 1 0
12.8 -0.111111 180 1 0
12.8 -0.333333 0 1 0
12.8 -0.333333 36 1 0
12.8 -0.333333 72 1 0
12.8 -0.333333 108 1 0
12.8 -0.333333 144 1 0
12.8 -0.333333 180 1 0
12.8 -0.555556 0 0.997898 -0.000696448
12.8 -0.555556 36 1 -7.74832e-20
12.8 -0.555556 72 1 0
12.8 -0.555556 108 0.999193 -8.68312e-07
12.8 -0.555556 144 1 -3.85918e-22
12.8 -0.555556 180 0.997873 -0.000719189
12.8 -0.777778 0 0.838694 -0.0719572
12.8 -0.777778 36 0.998743 -1.91092e-07
12.8 -0.777778 72 0.997551 -0.000851156
12.8 -0.777778 108 0.839967 -0.0714342
12.8 -0.777778 144 1 -3.76449e-17
12.8 -0.777778 180 0.837665 -0.072365
12.8 -1 0 -0.00773803 -0.0136305
12.8 -1 36 -0.00773803 -0.0136305
12.8 -1 72 -0.00773803 -0.0136305
12.8 -1 108 -0.00773803 -0.0136305
12.8 -1 144 -0.00773803 -0.0136305
12.8 -1 180 -0.00773803 -0.0136305
14.4 1 0 1 0
14.4 1 36 1 0
14.4 1 72 1 0
14.4 1 108 1 0
14.4 1 144 1 0
14.4 1 180 1 0
14.4 0.777778 0 1 0
14.4 0.777778 36 1 0
14.4 0.777778 72 1 0
14.4 0.777778 108 1 0
14.4 0.777778 144 1 0
14.4 0.777778 180 1 0
14.4 0.555556 0 1 0
14.4 0.555556 36 1 0
14.4 0.555556 72 1 0
14.4 0.555556 108 1 0
14.4 0.555556 144 1 0
14.4 0.555556 180 1 0
14.4 0.333333 0 1 0
14.4 0.333333 36 1 0
14.4 0.333333 72 1 0
14.4 0.333333 108 1 0
14.4 0.333333 144 1 0
14.4 0.333333 180 1 0
14.4 0.111111 0 1 0
14.4 0.111111 36 1 0
14.4 0.111111 72 1 0
14.4 0.111111 108 1 0
14.4 0.111111 144 1 0
14.4 0.111111 180 1 0
14.4 -0.111111 0 1 0
14.4 -0.111111 36 1 0
14.4 -0.111111 72 1 0
14.4 -0.111111 108 1 0
14.4 -0.111111 144 1 0
14.4 -0.111111 180 1 0
14.4 -0.333333 0 1 0
14.4 -0.333333 36 1 0
14.4 -0.333333 72 1 0
14.4 -0.333333 108 1 0
14.4 -0.333333 144 1 0
14.4 -0.333333 180 1 0
14.4 -0.555556 0 1 0
14.4 -0.555556 36 1 0
14.4 -0.555556 72 1 0
14.4 -0.555556 108 1 0
14.4 -0.555556 144 1 0
14.4 -0.555556 180 1 0
14.4 -0.777778 0 0.97115 -0.0138474
14.4 -0.777778 36 1 -1.58269e-18
14.4 -0.777778 72 1 0
14.4 -0.777778 108 0.971827 -0.0135173
14.4 -0.777778 144 1 -6.17559e-18
14.4 -0.777778 180 0.970936 -0.0139507
14.4 -1 0 -0.00773808 -0.0136305
14.4 -1 36 -0.00773808 -0.0136305
14.4 -1 72 -0.00773808 -0.0136305
14.4 -1 108 -0.00773808 -0.0136305
14.4 -1 144 -0.00773808 -0.0136305
14.4 -1 180 -0.00773808 -0.0136305
16 1 0 1 0
16 1 36 1 0
16 1 72 1 0
16 1 108 1 0
16 1 144 1 0
16 1 180 1 0
16 0.777778 0 1 0
16 0.777778 36 1 0
16 0.777778 72 1 0
16 0.777778 108 1 0
16 0.777778 144 1 0
16 0.777778 180 1 0
16 0.555556 0 1 0
16 0.555556 36 1 0
16 0.555556 72 1 0
16 0.555556 108 1 0
16 0.555556 144 1 0
16 0.555556 180 1 0
16 0.333333 0 1 0
16 0.333333 36 1 0
16 0.333333 72 1 0
16 0.333333 108 1 0
16 0.333333 144 1 0
16 0.333333 180 1 0
16 0.111111 0 1 0
16 0.111111 36 1 0
16 0.111111 72 1 0
16 0.111111 108 1 0
16 0.111111 144 1 0
16 0.111111 180 1 0
16 -0.111111 0 1 0
16 -0.111111 36 1 0
16 -0.111111 72 1 0
16 -0.111111 108 1 0
16 -0.111111 144 1 0
16 -0.111111 180 1 0
16 -0.333333 0 1 0
16 -0.333333 36 1 0
16 -0.333333 72 1 0
16 -0.333333 108 1 0
16 -0.333333 144 1 0
16 -0.333333 180 1 0
16 -0.555556 0 1 0
16 -0.555556 36 1 0
16 -0.555556 72 1 0
16 -0.555556 108 1 0
16 -0.555556 144 1 0
16 -0.555556 180 1 0
16 -0.777778 0 0.995136 -0.00209342
16 -0.777778 36 1 -2.33546e-19
16 -0.777778 72 1 0
16 -0.777778 108 0.995883 -0.00172124
16 -0.777778 144 1 -7.67525e-19
16 -0.777778 180 0.995065 -0.00213258
16 -1 0 -0.00773808 -0.0136305
16 -1 36 -0.00773808 -0.0136305
16 -1 72 -0.00773808 -0.0136305
16 -1 108 -0.00773808 -0.0136305
16 -1 144 -0.00773808 -0.0136305
16 -1 180 -0.00773808 -0.0136305
